1.0000000000000,0.6441574833397,0.2007563323624,0.2251965308255,0.5794717622426,0.2682598467878,0.6236391966486,0.4475719658525,0.5116822063691,0.1326465672880,0.3479275310842,0.0500000419064,0.0352067364101,-0.1541073473178,0.5210923476091,0.3018651047032,0.2770408987137,-0.0742706752007,0.2438039507166,-0.3411595971382,0.4702806222069,0.2591247513223,0.4168778685051,0.1265181980321,0.3420497882489,-0.0682295475529,0.4065271634537,0.1917432459616,0.3344137235127,0.2340543535952,0.3384444388547,0.1225660429066,-0.0229601713623,-0.1555473904595,-0.0603999526201,-0.0242422657345,0.2582419981263,0.1730641050790,0.3674983462521,0.1409179467099,0.2616358159418,-0.0177779842910,0.0450534423616,-0.2599797111833,0.1922773633985,-0.0830526063984,-0.1615745898408,-0.1230197935818,0.4836014911638,0.2375047439541,0.1645585911067,0.0834324172109,0.4207877978671,0.2294272913085,0.6616627445887,0.4301231407794,0.5070517787303,0.1850948870201,0.1738686996546,0.0703095917394,0.0233653009484,-0.0366910124188,-0.2341756484819,-0.2828177240326,0.5580660958779,0.4308240088229,0.3715245333132,0.2936289470714,0.2391964971110,0.2027562387068,-0.0968439035264,-0.0838351055549,0.2653843675224,0.2427973911661,0.3231738544432,0.2361940044879,0.3764585614209,0.0925353686695,0.1408562583034,-0.0630859319920,0.3370097696533,0.1366418950479,0.1081190237148,-0.0852442424579,0.0575560292735,0.1386799621169,0.2554161452351,-0.0174426500920,-0.0128784392230,-0.1040332834935,0.0501127836894,-0.1267470787617,-0.2291079116041,-0.2381898005612,-0.1698116257160,-0.2498924390979
0.6441574833397,1.0000000000000,-0.0070551411397,0.0351273156318,0.2337461866231,0.1263442491981,0.2635203778682,0.4362329454102,0.1993909071264,0.3358549839256,0.0856312913552,-0.0473614928399,-0.4409614144864,-0.4951169025466,0.1896279212455,0.1554121617792,-0.1346915800920,-0.0894737882001,-0.1522979923600,-0.2354592954702,0.2055766878280,0.2363112664184,0.2102143175847,0.3447170066261,0.1693481478805,0.3052339970383,0.2069860415590,0.2327542834853,0.1761938382587,0.3005396681872,0.1594024362489,0.2269422205412,-0.4771398741098,-0.5086614438821,-0.4290807973749,-0.3180115181851,-0.0929614169047,-0.0181190335861,0.1906645953190,0.2010852318866,0.1883956613062,0.3572858463905,-0.0540150307793,-0.1536500906488,-0.1218699967674,-0.2146855460744,-0.3552085965245,-0.3006347250681,0.2222956360351,0.2154112847899,-0.2329511260768,-0.2547527917051,0.2417637363961,0.2718745392138,0.2921274507378,0.5003961248423,0.1460525565810,0.1435973505902,0.0808872433629,0.0406297029912,-0.0948550337983,-0.0336452034221,-0.4497213571277,-0.4089967954438,0.3189250282614,0.3188333834305,0.2042917671313,0.1779010487111,0.0933655598156,0.2004424455336,-0.3714174618565,-0.3413843559939,0.1273959055105,0.1289834078636,0.2147335691900,0.2308728232535,0.1653869055506,-0.0946076159688,-0.0841210681558,-0.2973936919412,0.0832691202566,0.1778180131479,-0.2101024968559,-0.2770176545417,-0.2514685168960,-0.1021326445435,-0.0904100691461,-0.0484052627989,-0.2580713702488,-0.1104752832940,-0.2453998953078,-0.2241538321877,-0.4548128602316,-0.4538520132138,-0.2480595546648,-0.1296479648555
0.2007563323624,-0.0070551411397,1.0000000000000,0.8536751208517,0.3112717571854,0.5395263915365,0.3400667175342,0.1174701042278,0.4997591802402,0.3417423871139,0.6078670592623,0.6257309154461,0.5333078028935,0.3975378331636,0.2696451810811,0.2190455112413,0.4188453089878,0.1008711054986,0.4037201779486,0.0280194048069,0.0361261195909,-0.0560679217187,0.0499084834655,-0.1207092406037,0.1596817095136,-0.0325186464557,-0.1235590021308,-0.1322884889211,-0.0227578639752,-0.1202079443240,0.0863148945343,-0.0060955148978,0.4456920998835,0.4213028964781,0.4892666216395,0.4923841299851,0.4991106432172,0.4213443837682,0.3143817321337,0.4472504138942,0.1510073835763,-0.1436027981639,-0.0011465256852,0.0146895329675,0.3896313781477,0.1112368954941,0.3920212288926,0.4194348876633,0.2498670252040,0.0949178822325,0.4477637590234,0.4969685296552,0.1991646918738,0.0970030380942,0.4461113604087,0.4295315978287,0.7199542967183,0.6990123736092,0.3646638787280,0.3817181246497,0.2288188772250,0.1999692717527,0.2072126261810,0.1550879225648,0.2365672839787,0.2803267760134,0.0124331800412,-0.0715919512790,0.5304133860658,0.4683307925043,0.3292792485447,0.3314484413819,0.1194507602924,0.0836480259551,0.0984418307166,-0.1221891400683,0.2766929512752,0.1306953247820,0.3782133847700,0.3018213200924,0.7154832792818,0.5346752470168,0.8181623496806,0.6992443020998,0.6438741091238,0.6268543651067,0.5486196164140,0.3378813364236,0.6567616463626,0.6499786949361,0.5640977235738,0.3682753540568,0.2638272057046,0.2775190295202,0.0855579063127,-0.1239175517953
0.2251965308255,0.0351273156318,0.8536751208517,1.0000000000000,0.3631820010695,0.6079573863293,0.2910636774113,0.0798192229947,0.4884759565237,0.3587590385376,0.5703248292251,0.6324600523776,0.5394615397773,0.4183038373371,0.3175857634611,0.2609627486775,0.5667103476680,0.2201921220032,0.4556240973350,0.1367533716752,0.1731893508188,0.0299097849050,0.1190727455401,-0.0940634686456,0.1139321070200,-0.0637034928196,-0.0781639170097,-0.1223625648302,0.1357384921549,0.0327557190813,0.2132069963771,0.0339141053886,0.5142646650314,0.4969787262244,0.5446245870930,0.5545500820834,0.5648926821292,0.5090860672768,0.3212902651524,0.5109978314731,0.1511949461080,-0.1358042313068,-0.0151872706860,0.0462869650936,0.4830434049167,0.1079203357466,0.4499241883371,0.5092242203273,0.3679142141444,0.2135904973247,0.4614250331586,0.5071086020595,0.3128886885433,0.2068119375713,0.4864878262825,0.4578399405119,0.7916831699411,0.7617351869270,0.4722564952044,0.5069526054826,0.3107900533697,0.2883423373014,0.2498294795188,0.1729778950858,0.3732834623076,0.4133483227625,0.1148518153551,0.0807057370359,0.5907900296646,0.5145449210046,0.4156522002754,0.4197824566619,0.0679028768393,0.0376669163881,0.2044471743599,0.0188853813055,0.1954986966796,0.2244136509645,0.4443987333540,0.3147165439809,0.6683719998889,0.4957176040174,0.7639288373811,0.6555467772727,0.5688694949824,0.6731572385300,0.6608592703059,0.4944712579069,0.5414075587288,0.4813599857148,0.5190852763820,0.4459908072011,0.3340992020909,0.3526104293326,0.1144080789536,-0.1289622600881
0.5794717622426,0.2337461866231,0.3112717571854,0.3631820010695,1.0000000000000,0.7250591700945,0.7990248659909,0.6003638625162,0.4538934717066,0.1157104375615,0.4449110223623,0.2140442235853,0.3572393869846,0.1762364384234,0.2552896958839,0.0744614667728,0.2164829858521,-0.2896151774955,0.3816764596836,-0.2842936975357,0.2241113506735,0.1115857901578,0.2182155448941,0.0974031118737,0.2218263739791,-0.2582920609520,0.0662536050723,-0.0707167574939,0.0277420629901,-0.0708073318385,0.0676494619760,-0.2392077179060,0.2627994629881,0.1950237559894,0.2507548891377,0.2931957505783,0.3788044771922,0.4303163726094,0.5638483690060,0.3476723985802,0.4370687164242,0.1222717472086,0.0896457152496,-0.1557206706839,0.0153754209312,-0.2529923862335,-0.0155913259944,0.0694830397425,0.4083771688528,0.1120671818567,0.4132907873609,0.3905367298859,0.3038005101137,0.0904978336142,0.6871579054930,0.4491111952375,0.6023774495613,0.3648480171892,0.3796553236566,0.2774136072788,0.1925650260907,0.1501460479891,-0.1921251687369,-0.2511883963789,0.3222148616616,0.2480435444384,0.0536076596442,0.0386329390371,0.3314256880428,0.2832424320014,-0.0635779075362,-0.0557772075146,-0.0086958708157,0.0365852545044,0.0486185960608,-0.0331092705444,0.1208170878432,-0.0179298338120,-0.0911607516832,-0.1224189738795,0.3976860774711,0.0771830983288,0.2542084551102,0.0656111740230,0.1497804120789,0.2029597575894,0.1965737498395,-0.0914677171578,0.0242500135083,-0.0430179793817,0.0129975264907,-0.1757857582430,-0.0536105186792,-0.0574579243903,-0.3083130620395,-0.4362142727179
0.2682598467878,0.1263442491981,0.5395263915365,0.6079573863293,0.7250591700945,1.0000000000000,0.5298124996392,0.4887075872144,0.4331326701896,0.4813271357643,0.5484883206964,0.5780292981232,0.4347059935979,0.3366303075474,0.1350960034485,0.0604545660784,0.2557793406700,-0.2154211467313,0.3877201553074,-0.0625729055450,0.0252738843649,-0.1523460522133,0.0385990087409,-0.0587654878365,0.0514847395120,-0.1373712284320,-0.1701474071938,-0.1608140251098,-0.0434030652192,-0.0827296654750,0.0310730730157,-0.1532395199858,0.3486663274828,0.3695339379716,0.3921994272532,0.5129130677060,0.4475838807567,0.6614984289722,0.4302300513301,0.6624257691749,0.2390420231854,0.0825797693847,-0.1574404218383,-0.0829587166480,0.0775668332691,-0.2758725750196,0.1741040366776,0.2476208561352,0.3729642483413,0.1503448220948,0.4036588237617,0.4957917487823,0.1985917980606,0.1748742143283,0.4055593058941,0.4397867323306,0.6601314493370,0.7024730697654,0.4606158542570,0.5101814426768,0.2373719345976,0.2418154240076,-0.0830226518334,-0.1599695623379,0.2835580814659,0.3895489982543,-0.0400340244538,-0.0195777923130,0.3947879259047,0.3592555980804,0.0687276363465,0.0695336886930,-0.0380392350913,-0.0444305488226,0.0076163116384,-0.0962653381337,0.0560455381633,-0.1134919440157,0.0428820199370,-0.0175234694873,0.5326820464323,0.2840563354422,0.4557116587273,0.3993545858262,0.3493122848203,0.4792674683303,0.2946094298603,0.1563235556265,0.1802947444682,0.2748785239714,0.1268693153976,0.0967478926422,0.0758167421521,0.0940755642050,-0.2536620477619,-0.4362304455310
0.6236391966486,0.2635203778682,0.3400667175342,0.2910636774113,0.7990248659909,0.5298124996392,1.0000000000000,0.6619288415043,0.5515689120670,0.1287297410424,0.5552542091622,0.2312000854044,0.3270655475623,0.0829027164972,0.2710149268645,0.0401800917708,0.1502728639204,-0.2772544181304,0.4204336301983,-0.2901792243630,0.2432125480075,0.1051776584266,0.2831175501399,0.2263908793687,0.3417885054267,-0.1027701629810,0.0113262910004,-0.1001164440917,-0.0790194471995,-0.1731990414233,0.0643704722739,-0.2441881583205,0.1570432260943,0.0273900761329,0.1638524277856,0.1389789038651,0.2962158159297,0.2916603105425,0.6772241025597,0.3229154794862,0.5984432436620,0.1683622278474,0.2178665029227,-0.1023250514911,-0.0468517684765,-0.2212358926160,0.0551643288928,0.1259278450790,0.3346848929197,0.0456351589348,0.3577008403997,0.3001336822131,0.2470697008250,0.0209211517203,0.6598790164821,0.4492177543815,0.5280648661881,0.2848545084396,0.4070412072671,0.2956872039140,0.2694424631336,0.2256563204226,-0.1631270439958,-0.1793202156307,0.2498862367418,0.1842327481187,0.0193275923897,-0.0445628783754,0.3208992192763,0.2803869098029,-0.0413636579621,0.0035781784851,-0.0117606064395,0.0626012348266,-0.0121938666191,-0.1120358546480,0.1472375664388,0.0171638197545,-0.0454689547349,-0.0850787851136,0.4450906660854,0.1067939323237,0.2747154184007,0.0698799513283,0.2012429187430,0.2017139801763,0.1184034779461,-0.2173135762737,0.0392151787049,-0.0100048123592,0.0282308796900,-0.1382024504755,0.0063643330362,0.0135917160715,-0.3246044490919,-0.4305477935212
0.4475719658525,0.4362329454102,0.1174701042278,0.0798192229947,0.6003638625162,0.4887075872144,0.6619288415043,1.0000000000000,0.2896927236744,0.2915810222426,0.2931610406833,0.1350600036153,-0.0449448275290,-0.0917379323081,0.0130572623029,-0.0800972966037,-0.1317248560357,-0.4341062125749,0.0188051462786,-0.3084577761944,-0.0220818835297,-0.0540117301524,-0.0063693627672,0.1478504362060,0.0785727466237,-0.0140331240126,0.0714335864831,0.0219070264143,-0.1433351977184,-0.1522674086868,-0.1274729266126,-0.2138240508446,-0.1559151083621,-0.1350568685747,-0.1478227009229,-0.0063642030983,0.0129739226795,0.4191688337640,0.3092969938265,0.4547257986915,0.2424259154266,0.2814650689870,-0.0779999100122,-0.2718404011658,-0.2741068727252,-0.3999125043964,-0.3219161206893,-0.2677254487549,0.1691759434069,-0.0864852015170,0.0849019433072,0.0947612687086,0.0628462320319,-0.0318593664201,0.3624326391271,0.3807907112774,0.2190724383655,0.1085584957748,0.0813864413676,0.0403092294278,-0.0551565034492,-0.0126803580732,-0.4968847676436,-0.5005686721198,0.0984056656967,0.1061708579060,-0.0564474077279,-0.0618241920319,0.0146217505898,0.1660051552448,-0.3397334563193,-0.2866783982701,0.0154452622932,0.0223706935472,-0.0935824053386,-0.0914319548067,0.1506648297614,-0.0992983890544,-0.2737763313688,-0.2539599703333,0.2345829307427,0.1812671830743,-0.0224193532718,-0.0997295000745,-0.0377403016061,0.0380962408613,-0.1524979454333,-0.3008006332815,-0.1827701296770,-0.1086923055676,-0.2672023322780,-0.2804577287181,-0.3828538274363,-0.3588215540587,-0.5562366972853,-0.5455102709900
0.5116822063691,0.1993909071264,0.4997591802402,0.4884759565237,0.4538934717066,0.4331326701896,0.5515689120670,0.2896927236744,1.0000000000000,0.5237329510636,0.8565719664351,0.4901023079964,0.2506912488009,0.0648488920262,0.5321362535038,0.3999442524631,0.4279715725374,0.0167845775279,0.3886361378302,-0.1081541968888,0.4475163468087,0.1183078136606,0.5345840245691,0.1666041739161,0.4048508487501,-0.0186986868834,0.0551211787690,0.0385224938381,0.2672989633548,0.1524234868598,0.4660309635750,0.1983137423839,0.2045902762335,0.1393488404853,0.1192720291585,0.1672542769453,0.3214361024461,0.3902863967979,0.3961221317683,0.2391147294726,0.3419066711937,-0.1664790767501,-0.1646994720924,-0.2776219046159,0.3323838097522,-0.0731968040503,0.1329267786785,0.2103778478601,0.6030485859342,0.3813493043544,0.1233739168940,0.1242768966485,0.4030912458683,0.3370692682545,0.3625153680282,0.2043752550406,0.6292533397235,0.5094522277724,0.3637382305874,0.3062041510529,0.1360953049253,0.0721362401062,-0.1246277395476,-0.1802487720457,0.6327504624896,0.5690992215293,0.2600474167456,0.2145766268509,0.5229042315960,0.3615555031752,0.1328506649566,0.1765684242822,0.2242523759572,0.1409357611460,0.3301193885554,0.1577787395497,0.3700560485703,0.1399892070135,0.2627612543621,0.0838277644263,0.4259525052612,0.0950812200101,0.3606752539096,0.2918890232260,0.2954461381077,0.3357650967801,0.4295595147049,0.2787750054111,0.3150338238198,0.3652634356961,0.3185637215384,0.0590185785099,0.0375203846627,0.0570658396861,-0.1508497513047,-0.3263037738988
0.1326465672880,0.3358549839256,0.3417423871139,0.3587590385376,0.1157104375615,0.4813271357643,0.1287297410424,0.2915810222426,0.5237329510636,1.0000000000000,0.6154762651735,0.6201544915989,-0.0919837614993,-0.0303606806376,0.0946001930615,0.1613613741127,0.0250500905168,0.0177035781799,0.0103019768759,0.1067790696430,-0.0169994498763,-0.2519206914601,0.1393112955697,0.0678601313435,-0.0022713434506,0.2853355989467,-0.1409708588263,0.0736331769565,0.0675515955038,0.1547028457140,0.1096052555562,0.2404794573373,-0.1235717362285,-0.0359777234981,-0.1530671543173,0.0419386000348,0.1387767117100,0.4128611186449,0.1706391640857,0.5290885057914,0.0645720751600,0.0800519585217,-0.4705174201961,-0.2584605885642,0.0186742656535,-0.2814106866664,-0.0081763931881,0.0478913338920,0.3134136790689,0.2888878007736,-0.1711982754590,-0.0451533742967,0.0684477850833,0.3186383097518,-0.1149449217498,0.1721727602762,0.2823948805728,0.5540552519428,0.1774398442020,0.2644752936645,-0.0492937689695,-0.0415029752228,-0.2602979152637,-0.2927182031551,0.3681985932910,0.5236417655230,0.0556952377685,0.0639521282451,0.2029955658487,0.2133167899131,-0.0614380473452,-0.0128825756895,0.0830292389021,-0.0424307337688,0.1175222822603,0.0772769301102,0.0720581173210,-0.1759423936950,0.0953291083191,-0.0609529679067,0.3168880292519,0.3043479306588,0.1603508877901,0.2985215256481,0.1311600555001,0.3290461067471,0.1614685800805,0.3945125376345,0.0606425953019,0.4238549510103,0.0265144410976,0.1774664999809,-0.1339274452559,-0.1060878989214,-0.2483935781084,-0.2984470008097
0.3479275310842,0.0856312913552,0.6078670592623,0.5703248292251,0.4449110223623,0.5484883206964,0.5552542091622,0.2931610406833,0.8565719664351,0.6154762651735,1.0000000000000,0.7534087370217,0.3491252841140,0.1728491580472,0.3767404227558,0.2986877334116,0.3442568199430,0.0249196217701,0.3101599688058,-0.0478384465200,0.2363825830113,-0.0180290063201,0.3385231102558,0.0626825914237,0.3116219273703,0.0672306420474,-0.0602178567847,-0.0280284863666,0.1018099568376,0.0051769290553,0.2775016343156,0.1153938447336,0.2610631060353,0.2141477607438,0.2390484943133,0.2917291946734,0.4944669126470,0.4966852800362,0.4953807200427,0.4134173362236,0.3452571424005,-0.1256538092538,-0.1195453446403,-0.1748368389797,0.2514767146296,-0.0763448086726,0.2178426476041,0.2858755237092,0.4420581195064,0.2487305055349,0.1969710306667,0.2208813346424,0.2585502154939,0.1973355123989,0.3274316243959,0.2287855553918,0.6352792606312,0.5692534950854,0.3609810767941,0.3582977504677,0.1872215659992,0.1229892080214,-0.0849021431634,-0.1210691113010,0.4533436981991,0.4725178260089,0.1039953801720,0.0475604811354,0.4279489328728,0.2980633804260,0.1778815723792,0.2382881356347,0.1102830871367,0.1063160782457,0.1796978842514,0.0147435209282,0.2720483671030,0.1290819783942,0.2403853777716,0.0720027517962,0.5691459774672,0.2220996313781,0.4858847194761,0.4712571753584,0.3652146780293,0.4278274299879,0.4025102348133,0.3040636027157,0.4044624123701,0.4825812202932,0.3692082694540,0.1915511688186,0.1045435664564,0.1199455028457,-0.1767835795777,-0.3011937173707
0.0500000419064,-0.0473614928399,0.6257309154461,0.6324600523776,0.2140442235853,0.5780292981232,0.2312000854044,0.1350600036153,0.4901023079964,0.6201544915989,0.7534087370217,1.0000000000000,0.4060110790126,0.3450456336061,0.1856589780684,0.2227195302270,0.3091491734652,0.1285308009932,0.2021728254566,0.0964436884990,-0.0212871584486,-0.1770711471817,-0.0210362406456,-0.1932509717240,0.0307717006601,0.0607905523969,-0.1887610789600,-0.1027030124616,-0.0004525228596,-0.0450055062748,0.1226819569465,0.1727069768037,0.3518068958924,0.3844476411877,0.3775612193127,0.4726787089468,0.5333623982340,0.6245227072598,0.2205781738927,0.4837544577706,0.0053782730853,-0.2255802685792,-0.1818460162648,-0.0300069111045,0.2718447262709,0.0294852975122,0.3298856671969,0.3364481508594,0.2395622588287,0.1452450324463,0.2270855903735,0.3086259104760,0.1656336833742,0.1485969211443,0.1442129088463,0.1922812911243,0.5406304674121,0.5988846690718,0.2126176669872,0.3262572579293,0.0859911241218,0.0493957886019,0.0585400485294,-0.0027997829614,0.2637998742245,0.4027968238944,-0.0011512881119,-0.0411935093078,0.2526721080001,0.1883920205126,0.2628351789664,0.3050361254241,0.0170730866039,0.0588394069403,0.0502023857077,-0.0713347538709,0.1188297752362,0.1184861890183,0.2688113233301,0.1535667025861,0.5464919932757,0.3496867626559,0.5861360911001,0.6743567042575,0.4407188784235,0.5490659942939,0.3800376006699,0.4372830741525,0.4512408684908,0.5779591853990,0.3976489572707,0.4368495132243,0.1890340482014,0.1981014780968,-0.0674163668646,-0.2139002144731
0.0352067364101,-0.4409614144864,0.5333078028935,0.5394615397773,0.3572393869846,0.4347059935979,0.3270655475623,-0.0449448275290,0.2506912488009,-0.0919837614993,0.3491252841140,0.4060110790126,1.0000000000000,0.8936779109165,0.2752808383178,0.1891623128184,0.5806215269275,0.1603781506772,0.6559530003574,0.2858552814754,0.1211045085423,-0.0560912095021,0.0142989912021,-0.2925806438779,0.0204329334059,-0.3411935920004,-0.0888660949789,-0.2084040763495,-0.0010785856694,-0.1840505816422,-0.0116909421475,-0.2334996239747,0.9159255724388,0.8523692730156,0.8353256666493,0.7098921516701,0.5055445601402,0.3131163545289,0.2322662742671,0.1201600786648,0.0416628485304,-0.4337401792184,0.1116756332552,0.1090403874172,0.4397841786110,0.3705024396798,0.6177385096352,0.6215422773611,0.2176119989264,0.0582210682344,0.7685234237884,0.7667903336496,0.2389400168984,0.0173423766083,0.3322979941097,0.0909152567445,0.5613624256615,0.4266368885135,0.2418175852028,0.2573398107845,0.2858189523642,0.2199583870789,0.5884790422556,0.5101579131806,0.1474145155570,0.1544383581543,-0.0128522516851,-0.0318048838627,0.2336750697216,0.0911118581496,0.6525092597334,0.6004908091492,0.0236510241944,0.0528256066917,-0.0141609532386,-0.1924171775318,0.0563913010119,0.2755416433994,0.4716094153135,0.5357815869457,0.4234859447656,0.1065966572373,0.7060449536823,0.6380317268580,0.7212389558296,0.5588547317815,0.5146759896600,0.2270202226534,0.5690864523135,0.3340711487679,0.6313830049759,0.4562146094787,0.6366487229858,0.6438569662281,0.2796664997358,-0.0289675100560
-0.1541073473178,-0.4951169025466,0.3975378331636,0.4183038373371,0.1762364384234,0.3366303075474,0.0829027164972,-0.0917379323081,0.0648488920262,-0.0303606806376,0.1728491580472,0.3450456336061,0.8936779109165,1.0000000000000,0.1272680431060,0.1375159951519,0.4850886049983,0.2086405657008,0.5353719050935,0.4458716055660,-0.0002681674996,-0.1537516448703,-0.0944211863532,-0.3605942186739,-0.1382460525594,-0.3338978933636,-0.1042129291360,-0.1578669585769,-0.0164131979204,-0.1490957507410,-0.1109560822998,-0.2128415766024,0.8420991964460,0.8954803549457,0.7409747728272,0.6774009395760,0.3323434195475,0.2894156334160,0.0085673558010,0.0625003338375,-0.1617076846246,-0.4455538704246,-0.0643093375929,0.0578418972902,0.3629278400046,0.3809221801411,0.5681888079498,0.5410511895139,0.1170836022801,0.0309813123442,0.6811244766864,0.7433833861224,0.1532435093223,0.0211522351941,0.0813772342422,-0.0165966359058,0.3337480473734,0.3471011604867,0.0325585813040,0.0748499856256,0.0880234073748,0.0369415394053,0.5834865615260,0.5043448601324,0.0671637846815,0.1065136383022,-0.0670502942300,-0.0530207816758,0.0357345363758,-0.0725976794200,0.6119623408079,0.5523914138613,0.0055218656354,-0.0021671942045,-0.0826759147002,-0.2095496537216,-0.0787620216945,0.2022751861218,0.4244957863432,0.5224469661869,0.2797454807933,0.0936458292082,0.5954801379227,0.6314375242369,0.6807535417307,0.5167224554668,0.4233188403416,0.2986819708702,0.4812595170713,0.3222009680676,0.5502025402242,0.4969363088382,0.5741443041712,0.5818124450641,0.3013488613247,0.0307490722695
0.5210923476091,0.1896279212455,0.2696451810811,0.3175857634611,0.2552896958839,0.1350960034485,0.2710149268645,0.0130572623029,0.5321362535038,0.0946001930615,0.3767404227558,0.1856589780684,0.2752808383178,0.1272680431060,1.0000000000000,0.8145759783356,0.6932996992261,0.2788317908651,0.5182322245375,-0.0092947325057,0.8006782628012,0.4787145200841,0.6681003376943,0.0876851747186,0.3999318616307,-0.1429061751340,0.4598764700456,0.3438071519703,0.6291037000040,0.4910556689211,0.5754384221714,0.3551402289905,0.3421009643232,0.2358299510926,0.2065714166714,0.2175549371682,0.2082748632405,0.0921187392634,0.1958390989980,-0.0185957163197,0.0920875628106,-0.2792740640677,-0.1053185873861,-0.1587473027962,0.5822444964296,0.2789463866472,0.2118909217141,0.2033593490192,0.6346949525095,0.5536925067025,0.1467458189282,0.1226942988343,0.6801893622836,0.5447025958451,0.3702614636391,0.1541159197874,0.5191586122718,0.2810933929477,0.1163654277931,0.0865828502380,-0.0086354492165,-0.0575833198969,0.1405692633076,0.0794099023374,0.7614486131685,0.6596207182628,0.5664093093971,0.5212215310447,0.4030718554558,0.2790972504134,0.3478104019998,0.3129242645635,0.5277545513281,0.4710236057202,0.6371252098432,0.4383005108069,0.3865477541819,0.2547614074413,0.4503809303555,0.2163406170580,0.1772254438830,-0.1842361217694,0.2740006105102,0.2036557792122,0.3062058050591,0.2277407555928,0.5569137830221,0.3142117709261,0.3874214214699,0.2312290569122,0.5154620208346,0.1788781088032,0.1066340264697,0.1392363837123,0.2181530220921,-0.0084118629165
0.3018651047032,0.1554121617792,0.2190455112413,0.2609627486775,0.0744614667728,0.0604545660784,0.0401800917708,-0.0800972966037,0.3999442524631,0.1613613741127,0.2986877334116,0.2227195302270,0.1891623128184,0.1375159951519,0.8145759783356,1.0000000000000,0.5714573141072,0.3440069974566,0.3804983815945,0.1913075513069,0.5961208812893,0.4704496430944,0.5383626889576,0.0906517810269,0.2859073294109,-0.1184918217087,0.3920954177172,0.3976740609969,0.5399861010515,0.4558258376815,0.4209961484528,0.3478945081634,0.2890752744989,0.2582887934912,0.1427996626675,0.1722843661532,0.0709484565198,0.0958981775933,0.0225598284868,-0.0812403136744,-0.0422328863847,-0.3425911646129,-0.2345885986345,-0.2171276049870,0.5080313036892,0.3228088103019,0.2089231153094,0.2157774368488,0.6121184605713,0.6002089764892,0.0298361484436,0.0477818478399,0.6566693244193,0.6275364854168,0.1764794711287,0.0709730343191,0.3690319079619,0.2661223162018,-0.0071662318399,-0.0335527418997,-0.1351817466796,-0.1604706657401,0.1371969569200,0.0812801670870,0.6762087569227,0.6400596559285,0.4606225039706,0.4479597801125,0.2758498073020,0.1931769120158,0.3357244079460,0.3061280263397,0.5531315644953,0.4947025068494,0.5299389257194,0.3779589991980,0.3529150203082,0.2525663139640,0.3945174623449,0.2813644209544,0.0540282044977,-0.1931593614226,0.2320794064850,0.2851383727245,0.3020570269297,0.1756607805143,0.4771637993299,0.3754559151744,0.4151330155071,0.3554927313951,0.5248995697613,0.1799163891471,0.0846703061498,0.1198448303217,0.2167251914064,0.0378865956634
0.2770408987137,-0.1346915800920,0.4188453089878,0.5667103476680,0.2164829858521,0.2557793406700,0.1502728639204,-0.1317248560357,0.4279715725374,0.0250500905168,0.3442568199430,0.3091491734652,0.5806215269275,0.4850886049983,0.6932996992261,0.5714573141072,1.0000000000000,0.4831421291525,0.6591119448395,0.2130739624508,0.6310493771864,0.2444597147923,0.4901884716183,-0.1362407005512,0.2581445756414,-0.2653750177721,0.2768129300075,0.0811874333508,0.5215167479482,0.3092024153359,0.4964052258632,0.2061091864778,0.6969294614726,0.6111712311660,0.4874518616390,0.4755448774408,0.3658059824904,0.2159854912399,0.1073228192849,0.0511494297016,-0.0146834380553,-0.4631150824884,-0.0806937113604,-0.0481438297359,0.7564649310045,0.4025206164079,0.5032000347816,0.4814923659984,0.5414253917712,0.4304011379650,0.3865849533059,0.3724790923219,0.5497843547905,0.3633609374605,0.3432439936416,0.0741550570963,0.6156334613818,0.4058362773241,0.2666838571491,0.2848787689043,0.1728562024524,0.1122788607380,0.4795680136211,0.3529471317799,0.5837563686321,0.5105032039205,0.4153645843430,0.4103598709057,0.4792839134549,0.3273576711818,0.6792844697988,0.6194306317473,0.3180872263221,0.2432021269804,0.5148512454974,0.3034207629934,0.3586752596598,0.3926362375606,0.6671439051040,0.5419486689380,0.2349191720739,-0.0487631703756,0.5182679090990,0.4403046027464,0.5252604429102,0.4365762571165,0.8171185944795,0.5277976421077,0.5900380066713,0.2970570597036,0.7240605716173,0.4543789728919,0.4371623757952,0.4590809676280,0.3809265041576,0.0308872074716
-0.0742706752007,-0.0894737882001,0.1008711054986,0.2201921220032,-0.2896151774955,-0.2154211467313,-0.2772544181304,-0.4341062125749,0.0167845775279,0.0177035781799,0.0249196217701,0.1285308009932,0.1603781506772,0.2086405657008,0.2788317908651,0.3440069974566,0.4831421291525,1.0000000000000,0.1474761981669,0.4965253533898,0.2827150765139,0.2586109999205,0.2304070495173,0.0301787522822,0.0610421278524,0.1164535789595,0.1071950157650,0.0922669758104,0.3612960318716,0.2836560774317,0.2998640147278,0.3475847410070,0.2391726361016,0.2102714737616,0.1242677685609,0.0500055213011,0.0918417011113,-0.1809940730922,-0.1126739016586,-0.1259119309153,-0.1159113170274,-0.2504898963467,0.0857623130938,0.1671152120394,0.4511797127932,0.5051357268205,0.3974363340839,0.3433449347555,0.0416624547271,0.1785180527405,0.0979767201078,0.0822688561653,0.2040502202842,0.2199379295072,-0.0449665497975,-0.0469969720467,0.0736148947501,0.0470793915085,0.0459922971452,0.0887765899440,0.0891768457410,0.0320742433650,0.4544440442984,0.4334336572373,0.2213706521174,0.1429810327176,0.3277072120848,0.2816571448685,0.1238326969856,0.0458532495551,0.4979793986591,0.4671825346167,0.0742467772772,0.0679752546596,0.3497627027778,0.3077515069509,0.1054624418572,0.3147710683189,0.4970487551982,0.4164401701951,0.0081310989553,0.0909814952476,0.2425183471437,0.2950842155082,0.2608388525000,0.2273209074630,0.4362358073639,0.5605750936753,0.3524141595019,0.2148509533465,0.5142971592477,0.5661822486373,0.3481823574427,0.3630213053917,0.4551972802243,0.3981766395168
0.2438039507166,-0.1522979923600,0.4037201779486,0.4556240973350,0.3816764596836,0.3877201553074,0.4204336301983,0.0188051462786,0.3886361378302,0.0103019768759,0.3101599688058,0.2021728254566,0.6559530003574,0.5353719050935,0.5182322245375,0.3804983815945,0.6591119448395,0.1474761981669,1.0000000000000,0.3107850219350,0.4333201238882,0.1352283946152,0.4554652038391,0.1241605093864,0.2825105300281,-0.2962266128382,-0.0589029393130,-0.2069088027444,0.0857853653738,-0.0735023535829,0.1449230120427,-0.2261827637296,0.6039900423893,0.5172473186483,0.4789719408900,0.3958577583874,0.2465330815005,0.1295084667842,0.3799784862824,0.1172852335143,0.3068101873564,-0.1626039328879,0.0532129998166,0.0351161311950,0.3735718048154,0.2175703674943,0.5894828024749,0.5949943342416,0.4108491349802,0.2398091528476,0.5049450219508,0.5187620653574,0.3776676811866,0.1973347025883,0.4172399091319,0.2379453719589,0.5467727987931,0.4545027874863,0.4021449087370,0.3460739205536,0.2810614510034,0.2509453115727,0.4779215356662,0.3940998895647,0.3425701788741,0.3208250762097,0.0197586669854,0.0164738551506,0.4090119862966,0.2550464553423,0.5439420590720,0.5174810893902,0.0595822835178,0.0179409853316,0.0892666516394,-0.1472565154489,0.0392246835829,0.1320049862278,0.4061084834505,0.4512994382295,0.3715018026594,0.0091533800085,0.5541549294313,0.4303370867725,0.6061395488548,0.4618786748972,0.4755775813204,0.1059409324123,0.4160104353130,0.2429695929417,0.5313836471328,0.2813397015257,0.5254270691350,0.5504450144353,0.2693244888527,-0.0413702530599
-0.3411595971382,-0.2354592954702,0.0280194048069,0.1367533716752,-0.2842936975357,-0.0625729055450,-0.2901792243630,-0.3084577761944,-0.1081541968888,0.1067790696430,-0.0478384465200,0.0964436884990,0.2858552814754,0.4458716055660,-0.0092947325057,0.1913075513069,0.2130739624508,0.4965253533898,0.3107850219350,1.0000000000000,-0.0219565455528,-0.0373684334791,0.0880674476155,0.1267836056117,-0.1299831355662,0.0744800995792,-0.2169076736650,-0.1200305886380,-0.0157952029497,-0.0438406927365,-0.1014394669604,-0.0454228676761,0.2720821650503,0.3632005131832,0.2262245403434,0.1353356081498,-0.0697046797284,-0.0909749001817,-0.0490581290397,-0.0089222981677,-0.0379905105560,-0.1257648710133,-0.0566055975121,0.1733461304432,0.1295046426471,0.3768791342169,0.5019141067683,0.4772310140841,0.0040143015198,0.0727212110963,0.1563937774933,0.2528123314630,0.0565236391180,0.1524720516440,-0.2380859536909,-0.0739442740302,-0.0541200690715,0.1549962326717,0.0144543099780,0.0363387008248,0.0725163068296,0.0755360813648,0.5263396176396,0.5229931765098,0.0275608248047,0.0886992598743,-0.0942419827353,-0.0535341249673,-0.0461802096716,-0.1020361814585,0.4887897911019,0.4673662881619,-0.1364704084963,-0.0764789858952,-0.0749332963137,-0.1180717325694,-0.2018582002853,0.1811381592042,0.3782096446861,0.4141489898049,0.0251338991838,0.0360437830008,0.1479562773996,0.3489722200291,0.3783362696704,0.3084967130958,0.2045649553546,0.2957222456949,0.2037284199423,0.1505948695755,0.3705163446457,0.5308175164215,0.4825577815577,0.5401004517555,0.4256618592424,0.3516275865050
0.4702806222069,0.2055766878280,0.0361261195909,0.1731893508188,0.2241113506735,0.0252738843649,0.2432125480075,-0.0220818835297,0.4475163468087,-0.0169994498763,0.2363825830113,-0.0212871584486,0.1211045085423,-0.0002681674996,0.8006782628012,0.5961208812893,0.6310493771864,0.2827150765139,0.4333201238882,-0.0219565455528,1.0000000000000,0.6302087321658,0.7837770962451,0.2724433013987,0.4445939737812,-0.0804694746771,0.4313422108826,0.2371350592539,0.6719644888824,0.5610425692779,0.6285782220992,0.2984615518425,0.2188087197529,0.1077790529123,0.0692952640141,0.0930052192283,0.0823853107504,-0.0356380462536,0.2446868525382,-0.0662874542819,0.2720911025760,-0.0970943356585,-0.0052890774763,-0.0860843085626,0.4585527920893,0.1690283097275,0.1361922548654,0.1567395841729,0.5877750205713,0.5222780847145,0.0425508827594,-0.0155847229760,0.5890474129020,0.4374156873552,0.3170420600758,0.0877658591900,0.3645967173999,0.1570385084730,0.2705436636739,0.2058003991826,0.1165266460074,0.0933931254879,0.1170566201227,0.0800085799544,0.6740378525146,0.5273748697185,0.5109508393211,0.5656043879056,0.4860401880171,0.3212758780774,0.2535521867591,0.2307370978175,0.3562078069443,0.3026573148431,0.6638449978772,0.5113837443631,0.2554600805211,0.2281876395056,0.3417786154501,0.0963539267009,-0.0363032542193,-0.3257394874177,0.0523790932633,-0.0133276054347,0.0632506246317,0.0724761595594,0.4433403513113,0.2317760697638,0.1723707670888,-0.0070757973047,0.3068327468149,0.0549113501786,0.0959125192483,0.1171393228785,0.1711988053414,-0.0075795745803
0.2591247513223,0.2363112664184,-0.0560679217187,0.0299097849050,0.1115857901578,-0.1523460522133,0.1051776584266,-0.0540117301524,0.1183078136606,-0.2519206914601,-0.0180290063201,-0.1770711471817,-0.0560912095021,-0.1537516448703,0.4787145200841,0.4704496430944,0.2444597147923,0.2586109999205,0.1352283946152,-0.0373684334791,0.6302087321658,1.0000000000000,0.4829636794595,0.4549971588384,0.2616075163154,0.0176499980836,0.2345357833825,0.1004865608119,0.3287294954984,0.2655016611971,0.2492292950871,0.0447052447141,-0.0069889906010,-0.0974485162415,-0.0362990844100,-0.0679272240346,-0.0920189746501,-0.2356044340997,0.1578062820914,-0.1698170238844,0.2435527826339,0.1092097366674,0.2094064045440,0.0423966326826,0.1176315517397,0.1304561087113,-0.0194006664180,0.0256880036423,0.2279171239623,0.2087552793768,0.0006113356849,-0.1136286545452,0.3621917045246,0.1710152166651,0.2917561424912,0.1116500324167,0.1038600406885,-0.1019852564735,0.1592332473837,0.0342397863141,0.0522175870085,0.0550612134634,0.0086839942695,0.0451878714670,0.2979498933633,0.1185952808434,0.2404414389222,0.2581484890628,0.2406564760758,0.2296751624575,0.0377819841913,0.0060092713230,0.0794012097704,0.1893394686524,0.3049444736161,0.2784562667992,0.0925912717535,0.1882336029463,0.0634676287473,-0.0596343015228,-0.0577149989225,-0.1572376090470,-0.0617076505921,-0.1546832889213,-0.1067600937077,-0.1567581836556,0.0919439274839,-0.0320112463426,0.0377931611468,-0.1282593312073,0.1385084095385,-0.0846783923157,-0.0488697219506,-0.0364438121135,0.0768165259021,0.0832166104266
0.4168778685051,0.2102143175847,0.0499084834655,0.1190727455401,0.2182155448941,0.0385990087409,0.2831175501399,-0.0063693627672,0.5345840245691,0.1393112955697,0.3385231102558,-0.0210362406456,0.0142989912021,-0.0944211863532,0.6681003376943,0.5383626889576,0.4901884716183,0.2304070495173,0.4554652038391,0.0880674476155,0.7837770962451,0.4829636794595,1.0000000000000,0.5686365922541,0.6264614840745,0.1131009385239,0.2863914114359,0.1607213512596,0.5368594128259,0.4081915907640,0.5841761810891,0.2478343399042,0.0575453937979,-0.0211061520630,-0.0498762839798,-0.0054707609667,-0.0325821385597,-0.1532230950502,0.3728996235417,-0.0691744480149,0.4614380521715,0.0739920135281,0.0276506148166,-0.0271823845475,0.3546157907927,0.1415820149587,0.1860121377223,0.2079690524752,0.5096885725628,0.4317495906072,-0.0334522816341,-0.0699140953877,0.4236237473444,0.4025258628573,0.2164335945417,0.0354044645647,0.2759135499139,0.1472491646592,0.2977868290835,0.1910862272554,0.1347503039114,0.1011179276058,0.1149189017309,0.1040106328162,0.5851336470014,0.4314953585167,0.3295136873589,0.3372600838827,0.4369986419238,0.2604769440114,0.2035267107482,0.1921458724088,0.2288856739262,0.1659088365190,0.5003215639448,0.3159744356957,0.2254936749389,0.0696652289555,0.3040426588530,0.1066362981331,-0.0204477234871,-0.2939073099528,0.0071297344371,-0.0290190829393,0.0715276281556,0.0214401881737,0.4055037428071,0.2108812113487,0.1898922294313,0.1208049165624,0.3219424571657,0.0181928036488,0.1041838726433,0.1274763129142,0.2344143374253,0.1320586821760
0.1265181980321,0.3447170066261,-0.1207092406037,-0.0940634686456,0.0974031118737,-0.0587654878365,0.2263908793687,0.1478504362060,0.1666041739161,0.0678601313435,0.0626825914237,-0.1932509717240,-0.2925806438779,-0.3605942186739,0.0876851747186,0.0906517810269,-0.1362407005512,0.0301787522822,0.1241605093864,0.1267836056117,0.2724433013987,0.4549971588384,0.5686365922541,1.0000000000000,0.5107869373687,0.4474449852731,-0.1356979948142,-0.1663279199721,-0.0558970218732,-0.0738564331116,0.0778536550051,-0.1212211947377,-0.3776836507458,-0.4063756759530,-0.2810989037976,-0.2604594336301,-0.2972535332715,-0.3424545735456,0.4015232391183,0.0080936981433,0.6069728180345,0.5747999163571,0.3406619683860,0.2187947209711,-0.2377554226629,-0.1006515258192,-0.0385598937597,0.0374525453522,-0.0316438277814,-0.0826671825987,-0.1639657307268,-0.1886072500444,-0.0367272582710,-0.0116839907124,0.1000935710181,0.2044193670383,-0.1284840994392,-0.0931365434765,0.3003661941043,0.1479498788713,0.1593553188439,0.2012047549598,-0.0842570694325,0.0186979291173,-0.0074548577637,-0.1201784553088,-0.1565369000260,-0.1605986686551,0.1772714838887,0.1508385732886,-0.1664785476365,-0.1488088352725,-0.2176267958004,-0.1947440047781,-0.0382126889582,-0.0931289486093,-0.0887139606584,-0.1422011104859,-0.1253344978613,-0.1280632364708,-0.0466365091003,-0.0261506773905,-0.1669579681599,-0.2509898505027,-0.2618805079775,-0.2350040460153,-0.1607288454769,-0.2398304122543,-0.1635755613192,-0.0856438118821,-0.1324659624578,-0.2267649977297,-0.0895450991446,-0.0634248384792,0.0162828567561,0.1626965678229
0.3420497882489,0.1693481478805,0.1596817095136,0.1139321070200,0.2218263739791,0.0514847395120,0.3417885054267,0.0785727466237,0.4048508487501,-0.0022713434506,0.3116219273703,0.0307717006601,0.0204329334059,-0.1382460525594,0.3999318616307,0.2859073294109,0.2581445756414,0.0610421278524,0.2825105300281,-0.1299831355662,0.4445939737812,0.2616075163154,0.6264614840745,0.5107869373687,1.0000000000000,0.4103445157198,0.2725710406881,0.0780175314662,0.3410052315185,0.1980196939753,0.4821427371981,0.2182076559497,-0.0193075594853,-0.1022602271518,0.0335280770748,0.1314115544866,0.1369964413347,-0.1057551418453,0.4266049513621,0.0613045821625,0.4536021902892,0.1857083842075,0.3896555229430,0.2166127415361,0.2959703604704,0.1046609839109,0.0388685799346,0.0600412998106,0.1264520782900,0.0637953605374,0.0345528561311,0.0223854635447,0.1620588969885,0.1027044330345,0.2687464408372,0.1341124188927,0.1803458557392,0.0432722929127,0.1669143940581,0.0948526669688,0.1475498659438,0.1084836138715,0.0520180961422,0.0731289815530,0.2562230933569,0.1024344935116,0.1693144966644,0.1100167409452,0.3188139916099,0.1852342468264,-0.0046895707432,-0.0205258131133,0.2734548096689,0.1288973046546,0.3459367856967,0.1379151168586,0.2876596864229,-0.0657453150261,0.1756468059631,0.0939224218522,0.0616209383062,-0.0422517778517,0.1515624024891,-0.0238389867911,0.0096611743931,-0.0328284926244,0.2587624460028,-0.0593507752516,0.2280991897612,0.1788467586888,0.2712277541205,-0.1004314744993,-0.0268790031553,-0.0499783819866,0.2085430397033,0.1798892807001
