1.0000000000000,-0.2104164636901,0.2930779265971,0.0858738922622,0.4656787710683,0.4665350018863,0.5786477060864,0.0254656627480,0.7074454961694,0.1108743353571,0.5865497424919,0.1916591766517,0.4471011048303,-0.0573294626341,0.3968585099647,-0.0416721034998,0.3419897761792,-0.4040558339836,0.2183288433291,-0.5706146141756,0.3486186981618,0.1576404317888,0.3837725188864,-0.1517321437388,0.3197063910321,-0.4671659156190,0.0540426344160,-0.0337836854829,0.1735668970357,-0.1528261490706,0.2933635275496,0.2059897345110,0.3923239724472,-0.1025052193343,0.2263473651595,-0.0132852293147,0.2604965812761,-0.4046947738404,0.0459178634453,-0.4284555925411,0.1484996889249,-0.2753980619831,0.2780795660253,-0.2577058325491,0.1593194723716,-0.1099572212129,0.3112599955134,0.0956645838331,0.2916272881643,-0.1582864951235,0.2966878791945,-0.0453686327283,0.1597449532869,0.0888208824905,0.5000089125935,-0.2569954577600,0.3480025952441,-0.2724946674400,0.1979499492136,0.0453867961293,0.1786198750120,-0.0521758949065,0.2672405544774,0.0993698465805,0.3084427778670,-0.3351388895476,0.0808151777881,0.0454712294422,0.1388757977579,-0.0092280168336,0.2467134448618,0.0746800568638,0.1330907347031,0.0085549041624,0.2323218194166,-0.1399894446529,0.2167932738630,-0.0922551042022,0.2256890340921,-0.0839546501319,0.2472763632795,-0.2949029214051,0.0640233143932,-0.3069085371628,0.0892838703014,-0.3356408667929,0.1686091561672,-0.2660393985360,0.1904626037715,-0.1741897977522,0.1206426322048,-0.1882109451050,0.2366237324543,0.0893403056880,0.1218570968155,-0.0177065881256
-0.2104164636901,1.0000000000000,-0.1758351848078,0.0126525517412,-0.1471433675461,0.2576232506525,-0.3903148131091,0.4096769351499,-0.5496603902772,0.1989699736962,-0.4640217114164,-0.0042108528163,-0.5696972818354,-0.0165898942047,-0.3906337545164,0.2882654512961,-0.5572259022588,0.2732704171017,-0.5671154291408,0.3979226358775,-0.2122697032908,0.1439423547062,-0.4186265330392,0.4320282882939,-0.5528025454969,0.3107271281760,0.2045905706193,0.2331425299394,-0.0738730545130,0.3091818978290,-0.3464130136693,-0.0144408550167,-0.6033963996143,-0.1832860151427,-0.4180602523250,-0.0135034857747,-0.3918688797069,0.0682597724201,-0.2383199361224,0.3708784316282,-0.1084070983467,0.3600478442860,-0.1454919003707,0.4686539830046,-0.5561061128003,-0.2616993182934,-0.6903440374299,-0.5229910951475,-0.3096186575509,0.1609540004955,-0.4932463444336,-0.3348446911820,-0.2295502727809,-0.2883372581468,-0.3025236535109,0.3837220290794,-0.3964084679962,0.2277557061919,-0.3944616185391,-0.3483197116773,-0.4298704465235,-0.2046749340209,-0.6336532977104,-0.4916544996272,-0.2597766310252,0.5122000644909,-0.1276885014268,0.0825754032552,-0.4182999198053,-0.0660671158169,-0.6990493459032,-0.5970172775180,0.0315391503298,0.3123231522111,-0.3011099405688,0.2631057449284,-0.5794822347053,-0.3518696430456,-0.5577901575947,-0.4480586270863,-0.1251103068803,0.1224377290120,-0.4782718960086,-0.0582927001776,-0.5866345361959,0.1046752319993,-0.3202768067569,0.2473230906808,-0.3186501674500,0.0158541849589,-0.4291515193927,-0.2442047793294,-0.5799818134681,-0.4565089742939,-0.4923262016217,-0.3692993609676
0.2930779265971,-0.1758351848078,1.0000000000000,0.7900507506388,-0.0354077625493,-0.1076576785881,0.3523328386231,-0.1632793278551,0.4267360568582,0.0401056728256,0.5196560427447,0.3421967369365,0.2121877784045,-0.2157729630038,0.2718428239860,0.0032721245397,0.4296584234655,0.0013610799817,0.4814903055660,-0.0247152775037,0.1403223124869,-0.2131179834280,0.2301423137735,-0.2669668671372,0.1665096911100,0.0833136270530,-0.1100581691880,-0.2069034845883,-0.0056321889071,-0.2284662208584,0.1080174583178,0.0394787093123,0.1518210969287,-0.3318924627152,0.2360396488737,0.0101021869328,0.5750254851681,-0.0552202842944,0.5301991978848,0.0304426368635,0.4236179079062,-0.0547570770924,0.1209697497943,-0.4041527838850,0.0347844617374,-0.0903965076090,0.2854731937923,0.0642399196817,0.0534909509859,-0.3697220989679,0.1884605976438,0.0570373945621,0.0971233017772,-0.0329073886547,0.5395428854088,0.2802088618537,0.6850190050929,0.3534198892449,0.1819061496074,0.2103115040183,0.1754171232980,0.2435037527294,0.1061870822785,-0.0562077803120,0.1307409662725,-0.1221361521530,-0.2503400936122,-0.1656035326148,0.1279613131690,-0.0615888495397,0.0647172764425,-0.0745404953500,-0.0391867743635,-0.0580408409730,0.1060356093295,-0.2722816637870,0.1403921450647,-0.1738715953202,0.1100890568614,0.0289667543097,0.7054399347967,0.4516662176223,0.6815975342789,0.4036924195766,0.5101981068593,0.4235542678526,0.3709097242310,0.1944814280886,0.6435062826318,0.3628837928987,0.5567384742815,0.2053895226943,0.1619573472745,-0.0519254157014,0.0717470242563,-0.0399544411212
0.0858738922622,0.0126525517412,0.7900507506388,1.0000000000000,-0.2149174728178,-0.1799224967452,0.1364775204565,-0.0319978973430,0.2975132439398,0.1066884701377,0.3291393907919,0.4066767387964,-0.0000661559493,-0.2362975737503,0.2083103649877,0.1450069665549,0.2651051194067,0.1575935842504,0.4379551812894,0.1287505503097,0.0969517515826,-0.1593574331563,0.1880851507287,-0.1456221412803,0.0847637458166,0.2301930968054,-0.0847504174665,-0.2700217460555,-0.0250076713397,-0.1569846382601,-0.0414794637688,-0.1279983697592,-0.0532116981120,-0.3295235736356,0.1374692224812,0.0391340488762,0.3479669665573,0.1012602458671,0.3793988215218,0.2422883494739,0.3816723972853,0.1821681242169,0.0207549216685,-0.1989181648754,-0.0555943548805,-0.0928658664804,0.1560368151162,-0.0081365694994,0.0218205881546,-0.3110493968112,0.0101588854035,0.0176825702338,0.1064642898807,-0.0044621441368,0.4266743795929,0.3129465019850,0.5857921884908,0.3820067718752,0.1638501567467,0.2285871152595,0.1602256176144,0.2782330265541,-0.0079615037313,-0.1219440145183,0.0590596005854,0.0942796829498,-0.2545750099641,-0.0727430514863,0.1016245762520,-0.0270469426465,-0.0420516226074,-0.1044814935153,0.0124219987126,-0.0325257818789,0.0006744361713,-0.2003670847535,0.0685299934844,-0.1366005727390,0.0275499370232,0.0332882795599,0.5858300790709,0.6089054791118,0.6048575950285,0.5550118378913,0.4079464896140,0.5410209707441,0.2356719743438,0.3171376867251,0.5671998346888,0.4231263732915,0.4349907964535,0.2244639087473,0.0810704768017,-0.1239650841079,0.0047943842311,0.0127728761663
0.4656787710683,-0.1471433675461,-0.0354077625493,-0.2149174728178,1.0000000000000,0.5062152127913,0.5697828224555,0.2208557809449,0.3108269562436,-0.1963636222512,0.3042562151664,-0.1052581002948,0.4532199056061,0.2215086921902,-0.1372854252873,-0.3781736682651,0.0455726158193,-0.4805613455039,0.0206328384720,-0.3952163101700,-0.0283332236976,-0.0982204008899,0.1357858420623,-0.2486603714313,0.4054726139141,-0.4421848595342,-0.0295378672552,-0.0726282916235,0.0448694788915,-0.1997229354062,0.1722090163229,0.0127787285898,0.3850484043784,0.2242797180944,0.2400802373107,0.1204748423338,0.1987487582422,-0.2562074751212,0.0706327564832,-0.3733281554400,0.1700425495640,-0.2904664469518,0.4324442008504,-0.0036831870144,0.0160617227565,-0.2573814113817,0.1494811165867,0.0324372810383,0.1014325401757,-0.0325172593426,0.4823048397428,0.1546626326037,0.0178800886656,0.0032931801786,0.2931570420072,0.0481421228930,0.1517021694370,-0.1161013288072,0.2464975792611,0.1593336960923,0.1059453523325,-0.1381825302448,0.1080073639880,0.0028922429187,0.1177168780259,-0.3379560422099,-0.0301268967559,-0.2478628567996,0.0441648921421,-0.0650506413583,0.0330620149149,-0.0381698118928,-0.0834569966972,-0.1282529120123,0.0184697431013,-0.2249019176232,-0.0267309673266,-0.2379810477756,-0.0884267951914,-0.2709279076300,-0.0146375418330,-0.3544827812197,-0.0566900690995,-0.4508858226830,0.0523203925857,-0.4108705221197,-0.0508044239770,-0.2592483383673,-0.0385913257023,-0.2074588878883,-0.0571993935943,-0.2519454210441,0.0393587893671,0.0030622475859,-0.1145530321599,-0.3135447041592
0.4665350018863,0.2576232506525,-0.1076576785881,-0.1799224967452,0.5062152127913,1.0000000000000,0.2537146640966,0.5914071633817,0.2648976237101,0.2252205556914,0.2736668409534,0.2547693341875,0.1459415881530,0.2301877599395,-0.0040877929296,0.0236651011009,-0.0139089966994,-0.1915011759961,-0.1469306846819,-0.3180130327145,0.0159272037182,0.1173406603211,0.0216504071119,0.0795469908667,-0.0214000441596,-0.2497034378550,-0.0393848389427,-0.0253374999778,-0.0330639542391,0.0013607793250,0.1853308384628,0.1496410916984,0.0465583881251,0.0688871240324,-0.1656363012661,0.0369760223861,-0.0858917114597,-0.0761464940901,-0.1898212458647,-0.0809415530863,-0.0905908252314,0.0799234418173,0.0400149985001,0.0783189455857,-0.1088793957443,-0.2900434160523,-0.0975887859206,-0.1667296306007,0.0143335233104,-0.1136335885489,0.0793819571615,0.0206851680329,-0.0052710458044,-0.0269076823891,0.1640798716493,-0.0229501751352,-0.0176132232832,-0.1672529165560,-0.0349582936138,-0.1272473984594,-0.0551948320269,-0.1020805638859,-0.1047885010153,-0.1270666949418,0.0944201813363,-0.0367484950677,0.0802226110291,0.0683479800176,-0.1103817330338,0.0225868446752,-0.0811525980991,-0.1255913808449,-0.1355326892714,0.0385843430361,-0.0190966901333,-0.0437856485586,-0.0923968741091,-0.1431208317005,-0.0286648459254,-0.2916999427280,0.0856859124316,-0.2129048327045,-0.3300252185689,-0.2672524143368,-0.2530270872280,-0.2437281011212,0.0386211018314,-0.1749054634182,-0.2372519734075,-0.2660695992719,-0.1294155586943,-0.1268473576172,-0.1081316457023,-0.1710871055609,-0.2675462125727,-0.2463278754893
0.5786477060864,-0.3903148131091,0.3523328386231,0.1364775204565,0.5697828224555,0.2537146640966,1.0000000000000,0.0813777328166,0.6299869131666,-0.0908971966051,0.6997784960814,0.2507598173827,0.6467575324607,0.0422796885583,0.1070279646465,-0.3157551166484,0.4151066835398,-0.4844471606852,0.3283498241012,-0.3959667625447,0.0257474591215,-0.0903456418368,0.2894131362642,-0.2324495519398,0.5479923938180,-0.1683388240387,-0.1614749645207,-0.0976427515418,0.0926875399956,-0.1517170040939,0.2888120224375,0.1405306465805,0.5464099636960,0.0036993037804,0.4913167891819,0.2554965265435,0.5999216578893,-0.1056622696648,0.4452928643564,-0.2574449850292,0.3670445707235,-0.1622906548960,0.4740569860860,-0.2212632240252,0.1708050330187,-0.0206249897867,0.3146036955432,0.0144509203257,0.2226657835468,-0.1561234647592,0.6090849706350,0.2325105565447,0.2262194635068,0.2030792498158,0.5874711493592,0.0693346635788,0.5415904992003,-0.0787662081223,0.3536712329695,0.3095933370153,0.2703762920336,0.1260826750757,0.2107119785822,-0.0288352489925,0.3386532792519,-0.2876404879299,0.0372650437977,-0.2468695307542,0.1622233482663,0.0775146736923,0.1470464897204,0.0418881007956,-0.0895793362656,-0.1096766724560,0.1841289483465,-0.1507765661383,0.2550538921453,-0.0158915187508,0.1203791809266,-0.0733735813406,0.3151110994159,-0.0061959159029,0.3516414346255,-0.1199018251631,0.4019382325527,-0.1021053969866,0.3279388202402,-0.2758299836642,0.1454312922700,-0.1301527545385,0.1628274190337,-0.1103126371083,0.1192542218788,-0.0767841694986,-0.0001464098321,-0.2044492449109
0.0254656627480,0.4096769351499,-0.1632793278551,-0.0319978973430,0.2208557809449,0.5914071633817,0.0813777328166,1.0000000000000,0.0494456604319,0.1992781365223,0.1201973607361,0.4191724826354,-0.1512696442232,0.1849501810873,-0.1054358010395,-0.0071510682425,-0.1476899391849,-0.0826045406190,-0.1555857131143,-0.0783484053538,-0.1661646286662,-0.0387964534729,-0.1471355510506,0.0186774993139,-0.0509860111252,0.0686486693913,-0.1102527611785,-0.0771006142324,-0.0324158576808,0.1345443474671,-0.0104920355222,-0.0762712654411,-0.2541701481938,0.0289325909574,-0.0671606678335,0.0772753138199,-0.1793334660185,0.3643081367529,-0.0956793571439,0.3866972222077,-0.1044634658053,0.5495974565520,-0.1181651092957,0.2996704569892,-0.1946414119093,-0.4477354834514,-0.3154372993612,-0.3923365437233,-0.0061328364893,-0.1385863136826,-0.1189091529364,0.1080063876690,0.0758988458503,0.1068413918822,0.0104211748539,0.3076782743522,-0.0833399930100,-0.0534924126992,-0.2436260313266,-0.1967509259832,-0.2514038110372,-0.1134907200810,-0.3905202769713,-0.4170216228940,0.0566721173309,0.2110082086931,-0.0996344603627,-0.0266806288457,-0.3288537035368,-0.0380518683911,-0.3903645131458,-0.2962313225519,-0.2062775878974,-0.0925385649011,-0.1020347818117,-0.0211308867793,-0.2004672038986,-0.2105500058553,-0.2258559757115,-0.3667455424947,0.1438658565417,0.1806553944329,-0.2113630908956,-0.0028747252517,-0.1647592603700,-0.0394756986096,0.0130804105768,-0.0831510721332,-0.3367844521243,-0.2486133475592,-0.3127983809196,-0.1187203089129,-0.3243605474336,-0.4461018747505,-0.4090106239558,-0.4060372208887
0.7074454961694,-0.5496603902772,0.4267360568582,0.2975132439398,0.3108269562436,0.2648976237101,0.6299869131666,0.0494456604319,1.0000000000000,0.1575874290593,0.8779577489897,0.3730045162344,0.5949219034029,-0.0522464652173,0.5624574427368,-0.1239574625968,0.6412442870798,-0.4836966308817,0.5040829849043,-0.6603586921189,0.3996665441019,0.0637197416460,0.6024905713811,-0.2901413049150,0.6136997318757,-0.3572601076984,-0.2179481286157,-0.2638128067131,0.1600160540720,-0.1305439481098,0.3428309869569,0.1138960790188,0.5407839665853,-0.0323598986612,0.3874865136249,-0.0457554810964,0.3814752760477,-0.1455973270950,0.1677151297450,-0.3554114934418,0.2098229535888,-0.2418922477633,0.1564114272579,-0.4962800019238,0.4311913346037,-0.0006832713262,0.6260627828006,0.3057387874054,0.4850040214956,-0.2375915560294,0.4298243664392,0.1545859385000,0.4531601737336,0.4156261095807,0.5591479113891,-0.2238732366716,0.5605937145126,-0.2635218518631,0.3101828767541,0.1966304681164,0.3046537379487,0.0647725808896,0.4895764660268,0.2602102996788,0.5010276379607,-0.2767960839254,-0.0529538914045,0.1011607160620,0.1987790257055,0.0587206609381,0.4673908661763,0.3356197643844,-0.0779889706147,-0.2998277687654,0.3456936387940,-0.2469343540847,0.4940782168989,0.1295169484086,0.4776859321197,0.1677832397663,0.3591135646749,-0.0642115420396,0.3789978933451,-0.0492747882452,0.4496926070657,-0.1624793361136,0.3789771173824,-0.2062193448811,0.3721662719623,-0.0786212410755,0.3336538042280,-0.0033121171623,0.5111017400090,0.2410055418714,0.2912134834875,0.1462829348418
0.1108743353571,0.1989699736962,0.0401056728256,0.1066884701377,-0.1963636222512,0.2252205556914,-0.0908971966051,0.1992781365223,0.1575874290593,1.0000000000000,0.2203591903894,0.6732443478632,-0.1511009025926,0.1723433376666,0.1212554150213,0.5038411328261,-0.0929287817668,0.1801838107569,0.0361921596557,-0.2491137928222,-0.0999330159480,0.2069843699553,-0.0139169627147,0.3299746054949,-0.1798092318398,0.0536140556435,-0.3742933013091,-0.0724511817155,-0.3362100715899,0.1533517353377,-0.1555546150929,-0.0573671045309,-0.1737089232419,-0.0817349841198,-0.2569416470587,-0.0419043216777,-0.3266403233748,0.0746136591055,-0.3600677436324,0.0902354899073,-0.3769600198999,0.1647792491539,-0.5645700142627,-0.2345601656915,-0.0812468478410,-0.2413088728247,-0.0274790974200,-0.0705151595538,-0.1403798323044,-0.0671444998918,-0.2293301907538,0.0762579162099,0.1060483338707,0.1740499988079,-0.3269643419566,-0.1256287442672,-0.2832743706479,-0.1156300704414,-0.2970411164961,-0.2489478531243,-0.2840653526376,-0.2164526046848,-0.1422424779573,-0.1377968659454,0.0453690717865,0.2522666401110,-0.1751203867481,0.1959753851321,-0.2842588132630,-0.0860767745032,-0.1053107220303,-0.0417024216747,-0.2231927988514,-0.1036965869060,-0.3112105040512,0.0083888804441,-0.0807845129526,-0.0115543853762,0.0999287958508,-0.0248354354184,0.1493333095019,0.2066539413825,-0.1725521628073,0.1273896699917,-0.1505031482707,-0.0027397752400,-0.1134209718903,0.4326277222594,-0.1006685646144,0.1145240781075,-0.1456593054953,0.1969757687946,-0.0018824843451,-0.0829101567201,-0.0161536798014,0.0782182252701
0.5865497424919,-0.4640217114164,0.5196560427447,0.3291393907919,0.3042562151664,0.2736668409534,0.6997784960814,0.1201973607361,0.8779577489897,0.2203591903894,1.0000000000000,0.5242723274774,0.6303928596697,0.0527410111236,0.3730509213791,-0.1387151183226,0.5895044699467,-0.4198776887643,0.4946929569214,-0.5648890030746,0.1757938844132,-0.1027841752106,0.4602485931837,-0.3275997924066,0.6117248998266,-0.2406376314773,-0.3342279150468,-0.2984056111891,0.0010741828884,-0.2241823909775,0.3700822836731,0.1362528312315,0.5295919786327,-0.0394205075190,0.4009146992836,0.0342601481559,0.5014875811996,-0.0560337006756,0.3206941086665,-0.2381379246785,0.2800407648345,-0.1813821498126,0.1781978101020,-0.4508138075965,0.3497199178404,-0.1078458195312,0.5632186892686,0.2647275112159,0.2759765430375,-0.3665663889353,0.4993231379869,0.2672155785288,0.3103694338292,0.2693728926017,0.5148344309677,-0.0445771574929,0.5737768455182,-0.0973768202151,0.2744211987009,0.1955440102701,0.2365393042762,0.1033438820176,0.3909530530598,0.1598236984102,0.3829294033894,-0.2509260016222,-0.1115291977873,-0.0525117991177,0.1349644529750,0.0018545967167,0.3607999656007,0.2442493112766,-0.2033234606090,-0.2517531234588,0.2060214527893,-0.3321950969819,0.3953445576406,0.0478359949750,0.4062960735672,0.0995632272236,0.5112775581605,0.1228966941447,0.4558790501589,0.0837975323288,0.4977662612904,0.0245244177646,0.3884589463628,-0.1720237636170,0.3405121678957,-0.0312182417547,0.3779758195194,0.0939373755807,0.3957489433573,0.1311482915615,0.1802704586755,0.0389823199218
0.1916591766517,-0.0042108528163,0.3421967369365,0.4066767387964,-0.1052581002948,0.2547693341875,0.2507598173827,0.4191724826354,0.3730045162344,0.6732443478632,0.5242723274774,1.0000000000000,0.1220989700415,0.2680801786694,0.1687985015181,0.2636690590050,0.1705009759695,0.1133287805159,0.3860489952827,-0.1756830831079,-0.1442322027498,-0.0753201565250,-0.0194741251146,-0.0157112179981,0.0354236429226,0.1607415915312,-0.4379922572494,-0.2403290011614,-0.3411176059663,-0.1139129425805,-0.0351772584611,-0.0750593441305,0.0162706361921,-0.0109758740599,0.0606497562429,0.2027069774063,0.1110159163241,0.3992213536867,0.1079202560548,0.3799909937977,-0.0595184253922,0.4088988622057,-0.3255731439943,-0.1936207784724,-0.0528357407297,-0.3085823695579,0.0672815157508,-0.1231786240122,-0.1309358249420,-0.4046724343338,0.0669669063310,0.3815470542052,0.0715734300807,0.1113529938232,0.0906068487535,0.0856645813806,0.1852128077890,0.0285240623818,-0.1753175992012,-0.0994020449447,-0.1264023385823,0.0331316329829,-0.0530747265759,-0.1835002891803,0.0385409816920,0.0701648666106,-0.1882266330841,-0.0421279300565,-0.2164722467005,-0.0774648902787,-0.0923115765594,-0.0608833963330,-0.3005932616885,-0.0553640275831,-0.2211460720299,-0.2079067554573,-0.0254505424603,-0.0359906659694,0.0800140576117,-0.0932958929389,0.4790093661056,0.4669315911625,0.2701681780037,0.4430191695033,0.2597042937306,0.3182085551493,0.1113517695863,0.1853114636453,0.0473481185263,0.1478031000661,0.0895038369076,0.3159621869520,0.0188081657310,-0.2041044193347,-0.1406342101951,-0.0862715035966
0.4471011048303,-0.5696972818354,0.2121877784045,-0.0000661559493,0.4532199056061,0.1459415881530,0.6467575324607,-0.1512696442232,0.5949219034029,-0.1511009025926,0.6303928596697,0.1220989700415,1.0000000000000,0.4032693919893,0.1884033330266,-0.3173146213588,0.4741426079745,-0.4899053127470,0.4237652936667,-0.4731881745805,0.1144041378463,-0.0769932910537,0.2539338597078,-0.3921994730768,0.5012783890964,-0.3692341375543,-0.1172089201660,-0.1208226961863,0.0578904528728,-0.2567768007879,0.2160390795566,0.0387892209872,0.9346519317303,0.4244618063210,0.6617257551794,0.2928014824025,0.5735158187873,-0.0756922157289,0.3126106758563,-0.3464084606140,0.2593974708517,-0.4168456491394,0.4117193105018,-0.2706398481759,0.3517100916340,0.1550565640314,0.6104831930541,0.4525050440570,0.2239304720385,-0.1824282572793,0.7815404065328,0.4837134509372,0.1105894567156,0.1168224045125,0.3958025391844,-0.2312110989866,0.3834367154469,-0.1939264485462,0.3127488420506,0.1819708439857,0.3610107676240,0.1279606674380,0.6473330603277,0.4653634770628,0.1973807622814,-0.4522124158549,0.0808598167219,-0.0766322378565,0.1985559909846,0.0091695909630,0.4706856297934,0.4389866739343,-0.0415032461456,-0.1534868114544,0.2142108360377,-0.2363806842287,0.3137887867839,0.2175015627045,0.2835381490685,0.1014067798196,0.1038955827124,-0.2322060275196,0.3690245090063,-0.0585898388205,0.5336013515460,-0.0649064064616,0.2018882620951,-0.3559581471755,0.2145097341278,-0.0937214545779,0.3119267043103,-0.0079879516963,0.5102852631886,0.4169805481738,0.2545816004373,0.1103712255995
-0.0573294626341,-0.0165898942047,-0.2157729630038,-0.2362975737503,0.2215086921902,0.2301877599395,0.0422796885583,0.1849501810873,-0.0522464652173,0.1723433376666,0.0527410111236,0.2680801786694,0.4032693919893,1.0000000000000,-0.2532252216530,-0.1517104032914,-0.1046206220305,-0.1570395653918,0.0154767976711,-0.0831936450301,-0.2900953630759,-0.0776925471044,-0.2851080628920,-0.0781281192345,-0.0107489006232,-0.0566526468000,-0.1540754149961,0.0249423280034,-0.2500624303416,-0.1409520470417,-0.1760942655707,-0.1073671895638,0.3967150154887,0.8366473357142,0.1780019288862,0.6581787393614,-0.1233633258339,0.4168644081740,-0.1807453731137,0.2649299406086,-0.2793462036449,0.0447536361731,-0.0966125850885,0.1670179122078,-0.0688249883504,-0.0138115722725,0.0566053760881,0.0789329903181,-0.2770456203439,-0.1935106954732,0.3380555138678,0.6519535846571,-0.2413976371890,-0.1594052934438,-0.2879806638914,-0.1281666692822,-0.2854518038774,-0.0539630999250,-0.2236866145269,-0.1590449826836,-0.1585978316343,-0.1063299497343,0.1775411551200,0.1974343180330,-0.2972776015008,-0.2206691141220,-0.1123020521180,-0.0498014736148,-0.2595332138213,-0.1506624988846,-0.0474514877920,0.0497809690566,-0.1364777684990,0.0909595676248,-0.2361747717176,-0.0491928402744,-0.1757126476198,0.0566978309872,-0.1296698742960,-0.1433389895451,-0.2337814357439,-0.1734397121694,-0.1026208267394,0.0198734645659,0.0749911338116,0.1088465367857,-0.3108749742350,-0.0444248259298,-0.2391945319506,-0.0007068289395,-0.1793816435017,0.0314998279806,0.1032298545236,0.1674272108366,-0.0623431227242,0.0019692783607
0.3968585099647,-0.3906337545164,0.2718428239860,0.2083103649877,-0.1372854252873,-0.0040877929296,0.1070279646465,-0.1054358010395,0.5624574427368,0.1212554150213,0.3730509213791,0.1687985015181,0.1884033330266,-0.2532252216530,1.0000000000000,0.3062247218173,0.5609325781722,-0.0724378474636,0.3986659921094,-0.4255528051573,0.6905152695996,0.2739003925216,0.6362067410758,-0.0360261738674,0.2917229134606,-0.1892251311330,0.1597007729429,0.0568156169798,0.4167539471786,0.1628322023086,0.2876468288682,0.0156858362401,0.2304962242536,-0.1669119421015,0.2753750583105,-0.1477924062904,0.1626049735815,-0.1347190043219,0.0722851536889,-0.2644211525565,0.0597831731515,-0.1250682354075,-0.0404166762117,-0.4022718607122,0.4508328651543,0.1522920794511,0.4298671423271,0.3403362373714,0.6250865838444,0.1476121641797,0.0279940118476,0.0466855141923,0.5633034074579,0.5318361550420,0.2702107632420,-0.2585235045412,0.3534973944511,-0.2272140461270,0.1153740462900,0.0541865933317,0.2305616776856,0.0837399198097,0.3699129851949,0.2297759960281,0.6078832968782,0.0900266869261,0.2575414953109,0.3930014464657,0.3061635638416,0.1888224769547,0.4353469841357,0.3920559783285,0.3215440607991,-0.1676943475863,0.5910909975992,0.0809070387095,0.5297659321542,0.2401485858062,0.4974230929851,0.3226315882737,0.1689141395588,-0.0436189753049,0.2432163516742,0.0607115973245,0.2748634735007,-0.0853226226975,0.4790262435302,-0.0084769950002,0.3388557013290,-0.0073062158010,0.3720642135041,0.1735522384296,0.3570422679518,0.2373006620014,0.4147778415711,0.3152508727417
-0.0416721034998,0.2882654512961,0.0032721245397,0.1450069665549,-0.3781736682651,0.0236651011009,-0.3157551166484,-0.0071510682425,-0.1239574625968,0.5038411328261,-0.1387151183226,0.2636690590050,-0.3173146213588,-0.1517104032914,0.3062247218173,1.0000000000000,-0.1163201907102,0.5087550012767,-0.0391166564822,0.1051069671910,0.1490678552972,0.4421883074482,0.0378171687044,0.4872267800457,-0.3086247107385,0.2844702194605,0.1105831948197,0.2214834465671,-0.0431959133047,0.2855116531375,-0.1007288194661,-0.0448333276591,-0.3123903181441,-0.2731002493777,-0.2472026644368,-0.1366981588452,-0.2759823591442,-0.0500367740955,-0.2131333574870,0.1071326495953,-0.1557095846569,0.2109948675001,-0.2998598231644,0.0235139199847,-0.1723595567169,-0.0578557450422,-0.2176471210855,-0.1190035645514,-0.0088565815445,0.2388867088314,-0.3776510695591,-0.1809511478085,0.0692146815820,0.0602903937039,-0.2117663969450,-0.0880392382635,-0.2370470155051,-0.0845864922847,-0.2021172666354,-0.1940666320435,-0.1756093211927,-0.0766933232638,-0.2079114587150,-0.1435939066125,0.1070131672932,0.4956255166061,0.2835322053664,0.3116297574224,-0.0944594512615,0.0236241381487,-0.1579599717667,-0.1076220934581,0.2077223720916,0.2459143025601,-0.1278105200618,0.2455900669561,-0.1922957765647,-0.0628773090190,-0.0384731874649,-0.0951805744130,0.0686384796840,0.1446398951450,-0.1517515146342,0.1896973574896,-0.2181001352861,0.0826116530049,0.0375189185772,0.3883059623958,-0.0631211016950,0.1458169060555,-0.0132914385920,0.1887883957994,-0.1514837152778,-0.1404360206242,-0.0592443407010,0.0549284679672
0.3419897761792,-0.5572259022588,0.4296584234655,0.2651051194067,0.0455726158193,-0.0139089966994,0.4151066835398,-0.1476899391849,0.6412442870798,-0.0929287817668,0.5895044699467,0.1705009759695,0.4741426079745,-0.1046206220305,0.5609325781722,-0.1163201907102,1.0000000000000,-0.2428091859069,0.6386982276378,-0.3788531139338,0.5067410148865,-0.0724247932400,0.6251293332385,-0.2812469732433,0.5149481980786,-0.1635457727021,-0.1475291754151,-0.2281546628980,0.1783151325993,-0.2086482885514,0.3544717156278,0.1011598518403,0.4921037057995,-0.0761265501589,0.3883407083039,0.0506183472233,0.5071171974259,-0.0469266254274,0.3611818012834,-0.2201953268807,0.2905006188615,-0.1996270579987,0.1937625484236,-0.3891934823113,0.5116342032936,0.2152546361935,0.5514767800821,0.3625887140975,0.3708295526035,-0.1697226705109,0.3237678206223,0.2345799688232,0.2818901871608,0.2485324163794,0.4796762261989,-0.0546292961225,0.5670477989972,0.0067007330615,0.3297439572290,0.2730678289681,0.3675753303193,0.2803455016436,0.4709873529848,0.2966884964239,0.3998170749345,-0.2705067445051,0.1260357370978,0.0653456619261,0.3910492619687,0.1720879813557,0.4802848446255,0.3753528889549,-0.0356890144877,-0.1438771209200,0.4198103529987,-0.1456825321098,0.5082566072967,0.2824128892321,0.4410167394084,0.3604004415936,0.3189935304935,0.0510426472631,0.4715223347648,0.0857854874167,0.5001194739147,0.0553482898778,0.5737807844116,-0.1602861931513,0.4142454828343,-0.0019609820860,0.5192106825914,0.1531065750761,0.4115212452992,0.2823326164069,0.3422555270834,0.2422926790597
-0.4040558339836,0.2732704171017,0.0013610799817,0.1575935842504,-0.4805613455039,-0.1915011759961,-0.4844471606852,-0.0826045406190,-0.4836966308817,0.1801838107569,-0.4198776887643,0.1133287805159,-0.4899053127470,-0.1570395653918,-0.0724378474636,0.5087550012767,-0.2428091859069,1.0000000000000,0.0399423906293,0.6670134073112,-0.1767899535280,-0.1052979633356,-0.2231007079677,0.3024569178563,-0.4579998350214,0.4863875082133,0.0216096135903,0.0484021700753,-0.2737902787302,-0.0033959090636,-0.2166201229371,-0.0722205542206,-0.4936489112910,-0.2735741925314,-0.3587080312126,-0.1242416257096,-0.1765743813969,0.1832952835494,0.0381631638869,0.4114830711394,-0.0332768558566,0.3443566286167,-0.3219052706811,0.1178318261394,-0.3381809625035,-0.0740053590076,-0.3553313406017,-0.1947436432462,-0.3926138686779,-0.0587016663938,-0.3999114397573,-0.0748131318156,-0.2988085419834,-0.2984737687591,-0.2889024301964,0.0363237511095,-0.2108862973822,0.2745604750847,-0.1287890764657,-0.0422660995597,-0.1094556914126,0.1175049503890,-0.3983146399670,-0.2228367823446,-0.2849322377937,0.3047609766464,0.0128835294054,0.0123798788907,-0.0582914236401,-0.0642512928184,-0.2134425656962,-0.1498882958272,0.0299973685684,0.1823328765500,-0.3789506949113,0.0360221118488,-0.3076363464906,-0.1185077420357,-0.1682195125930,-0.0095413690241,0.1200967887331,0.3642567023763,0.0295236315806,0.6000101517346,-0.1103655190601,0.4274006075441,0.0146338187610,0.5439446803105,0.0978864766475,0.5138685854349,0.2592612636870,0.6402167500435,-0.2798823468674,-0.2134933615797,-0.1638510210474,0.0426668219766
0.2183288433291,-0.5671154291408,0.4814903055660,0.4379551812894,0.0206328384720,-0.1469306846819,0.3283498241012,-0.1555857131143,0.5040829849043,0.0361921596557,0.4946929569214,0.3860489952827,0.4237652936667,0.0154767976711,0.3986659921094,-0.0391166564822,0.6386982276378,0.0399423906293,1.0000000000000,-0.2245862760319,0.2057535136297,-0.2463220694430,0.3958785674495,-0.3592582222106,0.4231034791723,-0.1459247056631,-0.2708344158460,-0.3333629783016,-0.1045399979545,-0.3665905116276,0.1862796489819,-0.1754649402330,0.4185819070596,-0.0358587638393,0.4049911983589,0.1127475211899,0.4942464601586,0.1194695466887,0.4294268783015,0.0149496218563,0.3185824465402,-0.0215358194685,0.0977274705620,-0.3498100311111,0.3432151686646,-0.0673405944993,0.4942132636436,0.3214328608675,0.0942286710625,-0.3529589037698,0.3606729506753,0.4240329479368,0.1166225262537,0.1451978313860,0.3876912283803,-0.0373395804178,0.5123327818765,0.0757266834130,0.2564213327372,0.2795856129173,0.3609075148113,0.3400798540779,0.3736489677811,0.2090250682370,0.1673059806205,-0.3030457854663,-0.0609148524141,-0.1595351411558,0.2287294320662,-0.0727489920812,0.3686216825373,0.3574523547441,-0.0805175771538,-0.1375614807858,0.1008374534384,-0.3318770619072,0.3017025453605,0.1422649852218,0.3380054598286,0.2841802684739,0.4501429542705,0.2124661105255,0.7171451293121,0.4054399714729,0.7313573546738,0.3030109027392,0.3159654914888,-0.0038785133530,0.4503069152285,0.2600267832259,0.5769064758888,0.4800274334846,0.3408433353495,0.2020219302230,0.2749825628384,0.2168687294487
-0.5706146141756,0.3979226358775,-0.0247152775037,0.1287505503097,-0.3952163101700,-0.3180130327145,-0.3959667625447,-0.0783484053538,-0.6603586921189,-0.2491137928222,-0.5648890030746,-0.1756830831079,-0.4731881745805,-0.0831936450301,-0.4255528051573,0.1051069671910,-0.3788531139338,0.6670134073112,-0.2245862760319,1.0000000000000,-0.3456629084514,-0.1706555520566,-0.4312837952185,0.2904885668822,-0.5115329983015,0.6588346016171,0.1494039563328,0.1315317332212,-0.2157845326664,-0.0043185282148,-0.4380019261046,-0.0735002177659,-0.5103098946423,-0.0771051940573,-0.2779372415108,0.0276490391875,-0.1199224055153,0.3174218731203,0.1633867475665,0.5976754682614,0.1048069866356,0.4525899103812,-0.0995647138395,0.3613664474559,-0.6124079333931,0.0961768958759,-0.5365200772411,-0.4184343470566,-0.4304266607805,-0.0270435415487,-0.2572265684998,-0.0930616387093,-0.4471410862217,-0.4644994824424,-0.1304910955461,0.3504637409573,-0.1318057976262,0.5008002530124,-0.0901954472227,0.0310111143617,-0.1825263327286,0.0867503706900,-0.5025449420383,-0.3286202679857,-0.4811271437046,0.2717284902940,-0.0662747563817,-0.1544989595878,-0.1055612605252,-0.0378842711250,-0.4328328647790,-0.4272083033359,0.0331759713448,0.2909439585946,-0.3705952919119,0.0826772851810,-0.4754848035306,-0.2106817268372,-0.5360797521851,-0.1775077072847,0.0019969660129,0.3664179767254,-0.0194429809592,0.4163479221895,-0.1469741064127,0.4839469422509,-0.1170166162793,0.3337022130119,-0.0355166470498,0.3717964181211,0.0745244914154,0.2783821447774,-0.4311080396138,-0.3440160101089,-0.4478505527904,-0.2213640410803
0.3486186981618,-0.2122697032908,0.1403223124869,0.0969517515826,-0.0283332236976,0.0159272037182,0.0257474591215,-0.1661646286662,0.3996665441019,-0.0999330159480,0.1757938844132,-0.1442322027498,0.1144041378463,-0.2900953630759,0.6905152695996,0.1490678552972,0.5067410148865,-0.1767899535280,0.2057535136297,-0.3456629084514,1.0000000000000,0.2411559686574,0.6801562157387,0.0158278274214,0.2345350823762,-0.2650452669089,0.3710930226396,0.0254767099928,0.5401882061591,0.0824833957700,0.3069551013619,0.0832037314746,0.1679774493716,-0.2222438236798,0.1254039815997,-0.1731950358083,0.1188870402090,-0.3566521524152,0.0132157365578,-0.3890439074264,0.2292765369520,-0.2370584326159,0.1673309448255,-0.2469746934829,0.3706211820562,0.1531573745392,0.2462910205705,0.2113021584412,0.5335472536556,0.2148193373649,0.0614268822349,-0.1504516234394,0.3259844384528,0.2404309887951,0.3689100137326,-0.1061579397229,0.2911335013121,-0.0858379320628,0.1970980394963,0.0665888787784,0.2420612870961,0.0898405409831,0.2466176238390,0.1583243180606,0.4986186633882,0.0294184975525,0.2867183715088,0.3530860576049,0.3447589135896,0.1652665773612,0.2762163203912,0.1948064981573,0.3988532363633,0.0219426240042,0.5877903317016,0.1128601833854,0.3115216170244,0.1381509420079,0.2702946207245,0.1800035763984,0.0598160994150,-0.2039410115886,0.0502732713587,-0.1501530350020,0.0501763766225,-0.1816025113926,0.3041167296199,-0.1794375687917,0.2525077670669,-0.0902446845977,0.2277004168074,-0.1284497361111,0.1924849000058,0.1971449100866,0.2657565385770,0.1419664320966
0.1576404317888,0.1439423547062,-0.2131179834280,-0.1593574331563,-0.0982204008899,0.1173406603211,-0.0903456418368,-0.0387964534729,0.0637197416460,0.2069843699553,-0.1027841752106,-0.0753201565250,-0.0769932910537,-0.0776925471044,0.2739003925216,0.4421883074482,-0.0724247932400,-0.1052979633356,-0.2463220694430,-0.1706555520566,0.2411559686574,1.0000000000000,0.1554790872557,0.6179512865667,-0.1015470750139,0.0827055107404,0.2184021480940,0.5008889313158,0.2761824135053,0.6380380369801,-0.0677438200906,0.1823557937954,-0.0515863172906,0.0192629172613,-0.1084055907307,-0.0735495104345,-0.3013203009557,-0.1758228307002,-0.3999356295365,-0.1847887529286,-0.3148827616959,-0.0937836534541,-0.1238517105529,0.0329701269440,0.0464061839837,0.2936562352857,-0.0099539782328,-0.0082146599800,0.3783608969567,0.5100850433946,-0.2059616665348,-0.2448648321275,0.2755279340892,0.3371156080150,-0.0849649023161,-0.2087777693388,-0.1826731982255,-0.2659692248024,-0.0950365957821,-0.1224140873448,-0.1631608082991,-0.2820003192759,0.0334755289187,0.0337416280653,0.2613527349713,0.3685388266685,0.2946590980632,0.5520416163711,0.0047725660406,0.2939436838843,0.0513715883870,0.0202511354109,0.3042452669231,0.1525781629608,0.2069077314706,0.5536990074613,0.0482680663245,0.1927413070914,0.0331374719880,-0.0088447424846,-0.3357784877743,-0.3241057271769,-0.3630479223695,-0.3194386823724,-0.2782013931888,-0.3060665369343,-0.0254807776362,0.1078170496085,-0.1237458908968,-0.0798763835261,-0.2332391657051,-0.2048194627348,0.0782209714300,0.0919066870661,0.0748202299309,0.0696772412527
0.3837725188864,-0.4186265330392,0.2301423137735,0.1880851507287,0.1357858420623,0.0216504071119,0.2894131362642,-0.1471355510506,0.6024905713811,-0.0139169627147,0.4602485931837,-0.0194741251146,0.2539338597078,-0.2851080628920,0.6362067410758,0.0378171687044,0.6251293332385,-0.2231007079677,0.3958785674495,-0.4312837952185,0.6801562157387,0.1554790872557,1.0000000000000,0.0799055200882,0.5841936962042,-0.1750641038359,0.1144286363908,-0.1133723074440,0.4442511407329,0.0172620880830,0.3806382695701,0.1136684178258,0.3017990168480,-0.2054356164135,0.3102846687921,-0.1494730089832,0.2064270852699,-0.3249956826698,0.0802036131013,-0.4383042342415,0.2986648999244,-0.2642422791865,0.2215257620369,-0.3194871059670,0.4492235642826,0.1690644902561,0.4957449990286,0.3235664704074,0.5945646574300,0.1565148003279,0.2116153583903,0.0249081958185,0.4834461547687,0.4347777279847,0.3955679334312,-0.0709649065037,0.4152846719946,-0.0394542296271,0.4630074353706,0.3965681017843,0.3873363942776,0.1724913190748,0.3410432790596,0.2206403695668,0.6250673755920,-0.0030159152722,0.1815729017059,0.2860490534451,0.4461706294726,0.2429753729774,0.4218847377185,0.2832026694136,0.2203492435502,-0.2117092923551,0.4872284819016,-0.0108903481019,0.4461254293747,0.1316497197055,0.3906335655276,0.2943180813185,0.1483038340259,-0.0906279023145,0.1949662428589,-0.0959865679424,0.2481899241074,-0.1769679801138,0.4770883855154,0.0317465114150,0.3635799582589,-0.0021483622355,0.4390778637485,0.0664326517035,0.3404331430148,0.2480212217789,0.3461070671892,0.2078285892128
-0.1517321437388,0.4320282882939,-0.2669668671372,-0.1456221412803,-0.2486603714313,0.0795469908667,-0.2324495519398,0.0186774993139,-0.2901413049150,0.3299746054949,-0.3275997924066,-0.0157112179981,-0.3921994730768,-0.0781281192345,-0.0360261738674,0.4872267800457,-0.2812469732433,0.3024569178563,-0.3592582222106,0.2904885668822,0.0158278274214,0.6179512865667,0.0799055200882,1.0000000000000,-0.3323053259693,0.4522320695673,0.1496572345210,0.3860234806858,0.0506245424665,0.5600186502518,-0.2332361041553,0.1591770939723,-0.3832270603280,-0.0867437276114,-0.2605759485891,-0.0102549448286,-0.4304202269632,-0.0540735527584,-0.3558683478088,0.1139708491993,-0.2134366229571,0.2372102500591,-0.2223143106775,0.2316783547991,-0.3184180526843,0.2091202474877,-0.3428099711677,-0.2919064349708,0.0438559809846,0.4394284617726,-0.3015180386048,-0.2012935163304,0.0668726811870,0.1169767233562,-0.2411101269812,0.0601123389584,-0.3085160934540,0.0871726043277,-0.0867040984647,-0.0171664951435,-0.2116269590460,-0.1196748320896,-0.3511471715102,-0.2371749034259,0.0764576388901,0.6159905423874,0.1661041128140,0.4056809687400,-0.0831569655362,0.2918232365973,-0.2505419543888,-0.2565573766096,0.1227598724421,0.2071740737425,-0.1327985455921,0.5116335365445,-0.2581571516335,0.0051495447408,-0.2578966359479,-0.0989395114403,-0.2599749953325,-0.0570015554039,-0.4555624416225,-0.1249033927140,-0.4430403969593,-0.0938770450713,0.0154834602767,0.4486582649935,-0.2602945006927,0.0897425223828,-0.1863378458764,0.0085836299045,-0.2559771848539,-0.1923765146018,-0.2293509166804,-0.1085273366024
0.3197063910321,-0.5528025454969,0.1665096911100,0.0847637458166,0.4054726139141,-0.0214000441596,0.5479923938180,-0.0509860111252,0.6136997318757,-0.1798092318398,0.6117248998266,0.0354236429226,0.5012783890964,-0.0107489006232,0.2917229134606,-0.3086247107385,0.5149481980786,-0.4579998350214,0.4231034791723,-0.5115329983015,0.2345350823762,-0.1015470750139,0.5841936962042,-0.3323053259693,1.0000000000000,-0.2548783467265,-0.1676089936954,-0.2486357764651,0.2175655131795,-0.1591695922377,0.5110031868279,0.1231599719096,0.5045624395904,0.0910659807248,0.4405689401276,0.0702902936889,0.3293623398740,-0.1604052245804,0.2419978616166,-0.3657455758114,0.2566446720027,-0.3138562656080,0.4135027943545,-0.1665571027489,0.5718768285646,0.0161384043570,0.5745701596476,0.4023834444820,0.3227318340434,-0.1272464365913,0.4069551366907,0.1862454134869,0.3462460683552,0.3293692384445,0.2493735086842,-0.1381499824150,0.3835419142537,-0.2074742645273,0.3668831179478,0.3322229864085,0.2754968717049,0.0175306816127,0.4385445388602,0.2351808344003,0.3697299604908,-0.3164946656971,0.0004275681945,-0.0624270121894,0.2566551352814,0.0660633455028,0.3878729726261,0.3345293977820,-0.0335211487685,-0.2316621609066,0.3503442559536,-0.1756980727706,0.4631767469024,0.1819841384895,0.4272432108217,0.2418185456611,0.0691341079567,-0.1066221123902,0.3431964833834,-0.1304781651037,0.4411654036828,-0.1970895419254,0.2323988530228,-0.2296229674573,0.2596862686422,-0.0656495190662,0.2637058457477,-0.0154484400335,0.3848299019555,0.2721491339677,0.3783624214061,0.1926709968323
