14.9780425220512,97.8228229449031,63.5652239564536,114.808166299693,40.3259809938177,106.444756217625,35.0208812782996,103.301414876133,25.8625182660395,103.544786426343,59.4787158069073,113.395428674015,98.6161248075647,152.603749368043,97.6009298059193,143.370335102081,125.842409006755,192.921198527018,138.234317917422,207.010278320312,107.598484312813,170.208274841309,119.056983947754,174.383642343374,143.203289618859,194.950306027435,132.870183257019,164.825306483677,141.902259148878,184.963177767667,151.120055834452,196.36570930481,125.504060925012,161.486018771217,127.757439171396,184.726412091936,126.713597055209,171.125831967308,139.396003642835,173.899672008696,144.703501701355,181.223154241388,148.101808464002,197.239989852905,152.758370698388,209.569176567925,153.006334686279,181.332580566406,19.3648448003451,91.465955581523,90.1238059182452,136.650552368164,48.2494780873762,89.7901303357694,29.6100292589345,83.6424591897239,48.4706781863051,82.5656080290886,119.064497361161,159.980229816166,134.657926801651,178.078120988669,171.943170720881,209.770105997721,30.9392393190214,96.9055999215357,74.4282870445387,123.741355895996,142.353800351502,195.596544265747,163.300671933302,204.596110026042,147.735075208876,0,159.318214257558,228.850517272949,147.320618115939,183.337112426758,156.109105661911,225.335147857666,48.2369778265299,93.0553623404037,90.6606311726659,143.808030833369,109.58552329771,158.993830754207,86.5250437760059,146.909079551697,132.175887189593,152.709655761719,116.969425678253,173.518199573864,190.274475097656,167.20174407959,173.174098796673,208.310339355469
97.8228229449031,14.9293770526756,120.055394845098,63.3306679403491,106.332407018549,38.3880230689242,104.955497035426,34.6654874710716,105.370824400653,31.7204117307865,125.018891465036,63.0467508186774,154.583437530088,92.9708243132644,143.306921525435,88.0761907202787,143.664758300781,123.107637857653,195.501983642578,135.972481026298,169.719189453125,100.547206428962,163.751271761381,117.140898218545,194.652531941732,134.912055297075,163.960234324137,93.7632073248166,183.116363525391,123.292366230183,0,140.620110983377,187.572737426758,118.290827702715,209.985765245226,129.340619170147,183.108807881673,113.484621015646,198.539799281529,119.738230621961,216.556864420573,124.065791702271,208.665643640467,147.615030213158,201.765494606712,148.071899108887,214.207911173503,164.244016011556,81.7927265192234,23.6495807037178,123.186271602825,88.8570076493192,78.7362411406732,47.6087620127617,86.9920344348133,27.1458599687371,91.2439669702286,48.1006196498322,168.037633235638,108.547960769812,194.107620004507,132.605058250586,200.342132568359,171.359636579241,96.5381544746444,30.2985768201556,162.081315994263,85.4799463627702,189.205200195312,130.970904648906,235.554382324219,147.186237553188,238.911392211914,108.269975179649,217.640130615234,136.875032848782,216.515268961589,134.753993352254,206.95592880249,158.142045865393,110.499398852152,46.436315010833,143.158622741699,93.1749647440125,168.040824890137,108.788779143183,137.996102553148,93.6986999191156,177.722778320312,114.65144234273,165.647557576497,117.821733328012,0,165.332636515299,236.416870117188,173.486910374045
63.5652239564536,120.055394845098,11.1246426923776,144.002104909796,72.3300430937896,118.355235670838,65.7611909673937,115.889418376576,51.628933194597,124.85224447445,61.5985998054603,116.064317454462,65.9201368297091,116.403512954712,21.2592707164082,0,67.2041020356972,164.352035522461,60.5129999771118,154.294937133789,53.1499138358254,0,66.7472602273576,170.271900939941,102.095996570587,187.58772277832,58.4349363673817,210.463409423828,98.7011688826327,178.628086090088,101.734853472028,178.977951049805,60.469193141438,129.308099704319,57.5400940056505,127.267868995667,57.0527103475855,126.696222214472,67.2818986307276,134.218195828525,74.4914976395462,151.371653043307,79.7075444556792,149.267689803551,92.0422778630661,158.837165138938,85.3176714579264,152.001342773438,50.5326721281873,127.903440856934,72.2145500398625,108.252733677994,32.9712812105815,114.806795756022,66.6860054249459,105.142746726235,64.5484229029624,100.318792639838,76.5972352547668,109.127413263861,83.721171599168,127.674225323017,97.9429190219977,160.906600952148,30.462339853011,137.812748379178,12.9469450313371,0,88.7628006602443,0,95.5805359218432,148.319715881348,44.4035759344697,0,103.378539865667,174.650337219238,92.7094228164009,162.654946899414,94.6672452926636,185.393148803711,33.6206999984388,121.060112317403,33.3870297894506,135.016379547119,32.6696101594179,125.587370978461,26.6576621711351,0,30.211056140569,0,29.5881298152619,121.88970820109,82.5600395202637,160.266037940979,92.4170525636874,168.494672648112
114.808166299693,63.3306679403491,144.002104909796,12.7983546308969,121.077724068253,72.6844944741856,128.026405509861,68.1115260020679,116.246795654297,50.1994234105791,145.708479661208,49.0060003845512,142.073227483576,67.223189978704,207.781402587891,27.7443144249911,0,46.9281258935195,158.234573364258,69.2603610774685,195.427312215169,39.3312367581307,174.642506917318,49.7469238717442,179.170659383138,88.1134184282879,223.55061340332,43.1851142425359,180.620986938477,67.144994184706,139.628967285156,98.7872979857705,135.397891009295,65.7811819139129,128.46892351423,70.3648886711905,127.330583027431,62.7100945099225,145.870663960775,76.982920470619,135.406041826521,88.8057447299836,147.388165620657,86.7195856971769,163.849542617798,88.0408814655651,190.417124430339,96.1677756839328,84.5938895620951,58.3718884965064,109.892774820328,75.0304587297379,74.4234714508057,41.8694679024293,110.749436434577,75.3988817691803,94.9666476779514,64.2682764684,114.903140627105,78.6800255182371,130.537395620346,84.2573541136813,206.202763875326,95.0944364100327,113.2908445505,21.1064626724503,0,18.7784392466608,197.817047119141,70.3055631576046,168.705383300781,96.144631437553,222.216178894043,45.3347923881129,189.157928466797,75.9029257725447,166.836749606662,98.9383599775551,162.038333892822,94.6768783419003,102.931070600237,27.4927628448496,155.225933074951,33.1224821369431,118.684193537785,44.2481063918891,152.956562042236,30.3840286749743,132.296290079753,36.3534714618959,152.463947841099,44.2435471869693,130.137306213379,93.0940178319028,178.245363023546,100.082686370794
40.3259809938177,106.332407018549,72.3300430937896,121.077724068253,14.9208268863934,94.2154757783435,34.7535664043477,94.7285921207811,72.848207268513,112.459347482455,68.6498813019345,109.551282265816,45.8476989806292,105.154742538569,159.599910078378,180.257060368856,153.758741505941,183.699478149414,136.36815570152,192.241205851237,158.314486634498,213.070678710938,143.972297533024,189.925423322405,129.124583449545,174.647884022106,170.012115970735,220.432056427002,153.279395030629,202.342268047911,134.405898412069,185.15584487915,73.700768293404,135.314429635061,72.7625247316046,149.887468847898,108.905443369232,146.729878328284,112.037530848049,164.181864524374,112.518087005615,158.859327043806,102.494999165975,169.355381824124,127.731762049149,176.802291870117,134.148317419964,195.29320526123,53.1179890654503,119.819291956284,26.6838715332089,89.3804951495716,73.5730158831622,137.064862060547,20.0707475191095,76.9366926579748,40.8565430022715,75.0591030915578,103.521650888897,126.514425860341,99.2006948849481,150.511707932608,142.473918660482,193.215908813477,89.9123731749713,129.258041093934,126.716241200765,127.236587524414,130.000512821659,171.365167791193,153.639454019481,174.617706298828,177.456607133914,0,143.693318106911,181.39494934082,130.94871077999,187.196186610631,138.484830204133,187.40950012207,65.4239304931075,109.721560457327,69.9290461918394,121.222959109715,104.607044966325,161.935582733154,134.772427695138,193.971371968587,121.690552170212,181.587740580241,114.253103408138,169.930239590732,91.3960494995117,154.690939331055,145.811835922113,193.293219430106
106.444756217625,38.3880230689242,118.355235670838,72.6844944741856,94.2154757783435,13.5545993231178,94.8140167057169,32.1029167799022,110.143192723854,74.9292658581695,113.932893640855,65.965099449622,109.026285648346,45.4554445924291,195.691159929548,144.191236617717,200.74836730957,157.137022538619,173.628863864475,146.563723742962,189.294639587402,159.136995442708,187.971533033583,146.64088539228,176.495459965297,122.760305851903,215.44596862793,167.433609432644,201.595312935965,148.03684072061,176.859722900391,120.966472235996,141.360275710838,72.9620800322711,148.61447084867,79.6338801488085,156.768544514974,108.348287522793,165.205433238636,120.128479697488,168.554982503255,110.491333224816,169.276606287275,104.927175040064,176.061852675218,119.481883274184,194.410118103027,125.448103063247,107.752108487216,67.4688806862667,86.6729995385126,18.7375885492404,93.7640224256014,74.9324617739077,79.2977107589151,18.2482999915908,73.6905606064936,41.3447648142413,133.592574353488,87.70488252018,154.43109543131,91.3367781722553,191.843017578125,124.962314003392,120.095626731972,93.8701384971882,207.960830688477,150.32905069987,176.548431396484,131.515318943904,174.429542541504,141.171878930294,214.525653076172,193.50503692627,209.502999441964,144.242222881317,177.893545532227,127.732829125373,191.025390625,143.837626037598,103.621608791067,70.9417641493526,116.665090979599,73.3265162323052,143.258773803711,114.251393930236,177.004543304443,139.287897745768,153.876037597656,115.475370046255,167.317024230957,129.65935712156,116.612213134766,125.426068623861,209.761394500732,136.190877091994
35.0208812782996,104.955497035426,65.7611909673937,128.026405509861,34.7535664043477,94.8140167057169,15.7601718763512,93.2073197064334,34.0536445541341,112.729859955457,44.9135149158599,105.010728787465,37.7882602302663,107.239207282936,165.813298895552,187.181823730469,145.475612871575,0,118.16166788737,183.999446868896,155.992806163261,205.065742492676,126.26302972972,192.199282559482,111.861118746999,174.286522443904,160.137998954735,0,140.472483112304,202.00162191952,124.507633262457,186.086083984375,66.2482081721619,139.156370440733,75.4518215617826,157.990925664487,88.5182272487802,157.445237731934,84.4249553291165,152.398418294972,92.3353753479374,160.817926883698,112.321009424863,170.562665153952,117.317979742639,177.156970214844,147.48668553279,0,93.9060491415171,121.409645080566,68.1912064062778,90.9483978426134,137.031600952148,0,66.7456866177646,77.6245574724107,45.0112563037542,76.1217485480352,120.142212170821,128.869946543376,116.365375771133,158.826424173789,150.406178156535,193.30019124349,86.3941067637012,125.837906392415,144.788241986875,134.981948852539,148.986235380173,152.796544392904,170.439937319074,180.685368855794,170.490500488281,239.135452270508,136.661653308334,209.724273681641,123.278248995603,187.407376098633,127.842751698514,0,58.2032994711657,108.978106907436,71.2822421745018,115.86640912433,92.8057469142957,160.627016067505,135.639355831459,183.980445861816,119.858868014428,179.365165710449,101.081225383713,150.366493225098,125.208930969238,210.91365814209,144.08441373214,208.928639729818
103.301414876133,34.6654874710716,115.889418376576,68.1115260020679,94.7285921207811,32.1029167799022,93.2073197064334,14.2609436998142,103.540834517706,40.2601301000943,112.211203364322,40.1294186001118,112.553713261686,31.8824199928443,166.755091349284,157.796605507533,227.422546386719,146.456137615701,183.378395080566,126.500090827769,193.330642700195,151.748797329989,186.89377117157,129.520561934251,185.311039515904,109.599230269259,209.084177652995,164.679236104666,198.977676391602,136.770504960289,0,116.393929219142,149.123983334272,70.5699336469666,158.217877197266,82.5952156393286,177.693471272786,93.9586088219468,174.914607456752,92.3016975039528,160.74181659405,96.1668865336361,177.105900413112,101.601035789631,172.918167114258,110.981292988776,179.403991699219,151.579945373535,120.754942757743,88.5718564572542,90.0948032357476,74.6212194848248,139.95671081543,106.752430725098,79.1619225721032,64.8246169043976,75.8422755267169,45.096598172321,140.027142924647,109.449500659905,157.954755937731,127.682859337848,234.939582824707,157.461267471313,128.333506902059,105.035396560484,0,144.299518221901,157.582244873047,144.435108947754,0,173.387502496893,220.252639770508,166.504255855785,186.659065246582,134.695459871876,184.535166422526,122.852971873564,206.225979614258,155.247072393244,97.8479672670364,62.6587816707606,109.505618391366,72.9824101956856,157.041103363037,107.64344052656,189.920939127604,138.323798947218,215.105697631836,124.167615890503,192.050909423828,127.589838478782,0,96.8366622924805,237.161590576172,162.786905252709
25.8625182660395,105.370824400653,51.628933194597,116.246795654297,72.848207268513,110.143192723854,34.0536445541341,103.540834517706,8.9480083003621,107.113117284942,18.2508008984138,111.419962343962,69.8983573563449,139.09107208252,129.130343325503,0,135.60882235796,0,116.404628123408,168.066864013672,134.982081557765,0,126.679427393471,206.130081176758,129.809896809714,187.250918579102,159.15620841232,0,145.599017190292,0,136.776530045729,0,108.106172067148,178.74421081543,121.111665002231,170.585728963216,94.783891397364,233.166366577148,113.229689842047,163.061755371094,131.754952829095,201.099487304688,153.908657199734,182.510869344076,148.106260080807,0,0,0,94.8957838578658,116.797734578451,90.058107803117,132.340023803711,102.249703725179,162.613731384277,67.4246036581797,92.5296208489801,58.8371574647965,91.7189991950989,121.67757619222,154.029246330261,143.960270329526,186.820200602214,186.122146606445,0,33.8105672238206,116.813991546631,102.048289060593,0,167.807944297791,0,207.31907043457,0,165.586177625154,0,145.427947998047,0,138.461016486673,0,169.20723588126,233.453323364258,19.4366924907397,103.643727983747,62.8487187788892,0,86.5352685478296,0,108.652348377086,0,101.563142830985,186.620880126953,96.8693374841392,190.903617858887,0,0,176.539804458618,0
103.544786426343,31.7204117307865,124.85224447445,50.1994234105791,112.459347482455,74.9292658581695,112.729859955457,40.2601301000943,107.113117284942,11.0965939936221,134.27778600057,18.6814020073409,160.567288850483,72.5944027964933,132.917068481445,128.122265570504,241.385047912598,141.406978352865,0,125.443697244843,0,144.622397155762,0,136.482597963385,0,131.010883083412,0,171.641760173597,0,154.699560508728,0,147.552438984747,162.240928649902,87.9554338609516,158.545513916016,115.557736841838,189.020212809245,89.5613315300066,0,107.17106604596,199.050277709961,111.780056100843,201.973258972168,129.738353464055,224.030990600586,142.911535859108,0,178.74728012085,104.04337474278,73.7496010916574,137.154179623252,101.404855092367,159.247482299805,63.1287658691406,93.3146978180984,66.1628397212309,98.839547252655,53.7440742211682,173.067585754395,124.02560378284,180.057758331299,143.811185649797,0,188.576171875,110.977105588329,20.8012581982754,152.022583007812,136.009358469645,0,159.7051612854,231.959213256836,156.57254246303,0,152.040126800537,0,170.260101795197,0,153.620973587036,210.180755615234,171.452990722656,134.364872523717,17.0722872271654,164.287088394165,52.8438673828839,181.998138427734,93.9929294494039,0,130.242689166153,0,100.987151106743,0,107.693955621054,0,0,0,187.660414751838
59.4787158069073,125.018891465036,61.5985998054603,145.708479661208,68.6498813019345,113.932893640855,44.9135149158599,112.211203364322,18.2508008984138,134.27778600057,11.685793627122,117.574127469744,35.9989844860091,128.262718849994,148.693812519312,232.46403503418,123.718653860268,0,103.105967944358,201.248046875,130.817099627327,215.536666870117,111.633337793137,220.026028442383,112.099437573032,183.446101597377,146.102151648399,245.735366821289,130.478054785913,218.255630493164,122.032196843347,187.359781901042,74.0108196115135,155.471068246024,101.047590342435,160.504636128743,72.8281134362675,171.561510358538,93.55365592555,167.007705688477,108.963025528572,204.399719238281,137.175962442065,185.354507446289,135.028399401949,209.857762654622,199.966842651367,0,146.202364141291,153.276662190755,78.0676332733848,114.799237960424,116.863909403483,0,64.0407195766928,94.5570693597561,54.4496661292182,96.7456133772687,111.610000687416,137.292338779994,129.109116223394,168.027222156525,222.125503540039,0,51.7671370332993,131.364105224609,129.286308620287,0,144.544818531383,0,192.198248969184,0,160.777471567129,0,135.325161855155,0,154.396861921038,209.583122253418,167.003287315369,0,16.276551359775,143.304776509603,25.2538235726932,149.176561991374,68.7751475413134,148.967636108398,115.692014957064,0,91.4838143157959,0,82.8008668306248,145.526863098145,155.412841796875,0,184.920379638672,0
113.395428674015,63.0467508186774,116.064317454462,49.0060003845512,109.551282265816,65.965099449622,105.010728787465,40.1294186001118,111.419962343962,18.6814020073409,117.574127469744,8.68335688088314,141.306525067585,33.4543366258056,0,150.885299757415,0,133.047458301891,204.49560546875,114.571286505395,219.428192138672,153.668074544271,0,128.942940554412,204.028427124023,118.798835690174,227.608062744141,158.744686126709,0,149.16867972831,199.006408691406,141.63948807893,152.956217871772,55.317913491791,168.004244486491,91.2915974188977,157.803721110026,67.389591981661,191.832565307617,86.5541045433269,194.922576904297,93.8768933543256,178.31276550293,112.174286695731,209.160369873047,131.688263539518,157.181762695312,158.696136474609,143.758916219076,0,116.161425323486,77.4750063434337,0,119.355358123779,90.5799706070511,68.8680062823825,90.4455615452358,60.6715946556034,155.982376685509,103.092860882099,158.032241210938,127.681107022869,0,155.178469848633,143.336631774902,58.4011718236483,0,110.555489063263,167.77318572998,152.621965789795,0,166.771041870117,0,168.860462188721,235.261596679688,162.989218575614,0,158.266368865967,240.117416381836,194.626141357422,99.8140340169271,15.9336028813139,165.915176391602,29.919583177881,145.077102661133,75.0911971885379,0,128.300668001175,0,98.5059730529785,0,97.9938538804346,0,218.120208740234,0,189.039141337077
98.6161248075647,154.583437530088,65.9201368297091,142.073227483576,45.8476989806292,109.026285648346,37.7882602302663,112.553713261686,69.8983573563449,160.567288850483,35.9989844860091,141.306525067585,16.9378538015227,96.404603585915,138.345168439449,200.325428009033,116.550185036826,185.171295166016,89.0166027877904,164.932151794434,120.851196019336,0,98.000160651953,197.674747467041,93.4297345501215,159.580842154367,139.125279171366,219.438766479492,119.393901799176,205.020191955566,112.843384732905,168.842819213867,30.6302304632809,107.236505780109,53.3828007275657,134.389687261274,58.9137589040941,121.775719741295,70.1848030796757,136.361382802327,82.0008509715482,141.562813978929,88.6456364432297,154.665468821806,105.14718413135,170.16015625,122.875083287557,161.47688293457,127.361286708287,243.581619262695,33.1322599010414,95.2531672988491,123.199676513672,163.313659667969,63.2479060078395,98.8681791001472,33.6852655840499,77.1265720791287,35.8885716171778,64.7908366117034,60.7110067605294,121.630597848603,116.340160369873,161.904342651367,106.316114803768,237.838928222656,125.18893904913,0,125.542852228338,121.796718597412,165.37451452958,117.759552001953,147.100501175765,214.946914672852,123.975155446324,193.900089808873,113.648936289661,168.181815011161,127.528399730864,0,65.9815913029571,139.472867329915,25.4555619067821,115.437197912307,60.4199143134654,127.860416666667,107.316628774007,197.610717773438,83.7416430947309,163.017097473145,74.6661710279859,153.325227355957,168.30989074707,211.654556274414,144.654909769694,186.057662963867
152.603749368043,92.9708243132644,116.403512954712,67.223189978704,105.154742538569,45.4554445924291,107.239207282936,31.8824199928443,139.09107208252,72.5944027964933,128.262718849994,33.4543366258056,96.404603585915,16.1971271457761,230.739888509115,127.515716180569,198.283851623535,124.714904258991,206.039815266927,116.761877226349,226.351130167643,138.949774242583,185.32150777181,123.870305994055,181.411618319425,97.1356018653821,196.780143737793,159.72217649572,193.595435006278,129.890146500025,180.000305175781,107.758125822006,108.543993697804,32.6227397975876,128.898186009592,61.7629913875428,143.425671132406,57.4831645260887,156.889493465424,68.5370735478323,148.622571563721,78.1577837095036,151.369186876349,85.3833616050019,177.03209449505,100.117037396098,0,171.273854573568,158.906219482422,100.378234863281,92.4379369739843,35.4724230147421,156.756820678711,93.0871340433757,97.6882044918887,51.7943476057053,57.4802057871562,39.5966162060521,71.2582001503699,32.8256637948006,126.441594568888,66.3350741269356,159.49674987793,153.176838267933,150.799016049034,103.298675047385,185.928596496582,101.594798803329,146.910011291504,107.935321350098,200.529144287109,141.846933805026,208.809951782227,163.670150756836,204.401554107666,130.252400186327,170.595434188843,122.50274220451,184.802561442057,140.348408290318,119.169440891432,35.9765830598275,116.987234806669,22.2486481348203,126.104791913714,70.5183596569073,192.173044840495,109.726381648671,124.489952087402,87.4223376115163,141.256212615967,94.9506064111536,0,119.193101882935,172.082433363971,145.790551405687
97.6009298059193,143.306921525435,21.2592707164082,207.781402587891,159.599910078378,195.691159929548,165.813298895552,166.755091349284,129.130343325503,132.917068481445,148.693812519312,0,138.345168439449,230.739888509115,7.75456737962325,0,13.0591462534262,208.010025024414,56.5340437440791,184.232518513997,11.0393458910136,212.184051513672,43.3820747664465,227.623291015625,79.837399404557,210.521286010742,11.1342177383838,0,38.4678985280898,213.673322041829,76.1902060953776,183.511642456055,137.545164979534,148.720748901367,127.814391445106,175.539906819661,112.132853491832,193.022277832031,89.8854576616871,199.931622314453,103.210665318873,165.813217163086,115.045455464302,179.551296159333,101.842033200496,200.362396240234,112.604242960612,202.13606262207,79.3463444179959,109.6083984375,164.397398206923,215.059097290039,57.7511126028525,76.1628051757812,102.029286384583,144.596260070801,101.230158233643,162.452795410156,105.221858642913,156.753650665283,120.918158900129,166.448106464587,131.311037021213,213.680348714193,54.2877824393652,105.86608505249,15.0398630496257,96.90869140625,51.6665702199501,168.959671020508,111.541953702406,178.938385009766,10.3297221949449,242.248443603516,36.5723935190352,195.070938110352,76.3010531027186,191.846374511719,106.385070089434,0,121.04496328036,0,118.882749187413,0,91.1132282930262,0,15.4522931948737,203.917953491211,47.7698681739069,0,57.7398656841903,179.307932535807,129.1962890625,174.933657836914,128.326040507328,199.413719177246
143.370335102081,88.0761907202787,0,27.7443144249911,180.257060368856,144.191236617717,187.181823730469,157.796605507533,0,128.122265570504,232.46403503418,150.885299757415,200.325428009033,127.515716180569,0,6.89258688322325,219.864105224609,12.1431068967091,169.59814453125,55.20230759096,230.828567504883,15.8051158764133,0,45.5799805735542,208.931549072266,84.2151364665739,0,15.8661608726532,202.089706420898,42.2206912434918,195.493469238281,79.6551117458227,193.968925476074,117.51578351071,171.027813381619,120.09891648726,0,119.461251094423,0,95.1560040448163,173.536651611328,106.502738859595,194.527054443359,119.859300786799,208.88956124442,108.860111706363,197.257931518555,115.291400228228,109.414873123169,80.1214032769203,153.280838012695,105.221975326538,65.5811335245768,60.1635395247361,154.837383270264,107.424790382385,237.106552124023,88.592745931525,140.948440551758,103.295959570469,167.835486602783,122.580986419281,205.303670247396,122.860564693328,105.838739395142,45.9283660357091,87.0935897827148,14.4866686695088,0,56.2872488861499,0,98.5733224809376,173.800830841064,13.34177659122,198.896492004395,28.9347391506139,192.261044311523,79.0619259917218,195.86435953776,112.736721863618,0,104.225064304897,0,69.7498464806135,0,90.9642106691996,217.345926920573,14.128229801004,206.373046875,40.9371321705409,180.700119018555,55.1487176322937,0,105.922073364258,214.198976135254,126.916318628712
125.842409006755,143.664758300781,67.2041020356972,0,153.758741505941,200.74836730957,145.475612871575,227.422546386719,135.60882235796,241.385047912598,123.718653860268,0,116.550185036826,198.283851623535,13.0591462534262,219.864105224609,7.834583157219,0,25.3521473931087,0,13.3251526402081,0,32.4544624520772,184.845352172852,72.8808685779572,165.573516845703,28.2994699084069,0,61.7987104979428,195.921559651693,79.7179616292318,0,114.232413535894,151.860656738281,97.7490320780191,148.143438720703,82.2190641256479,146.832550048828,60.6954160179597,183.293518066406,79.386365146292,162.743186950684,95.3641965822358,166.184561989524,99.7745346493191,166.450778961182,99.6687474684282,158.325874328613,96.8410148620605,0,159.685012817383,164.644912719727,46.6905746459961,0,113.793704986572,195.206085205078,98.4784088134766,153.447326660156,93.118441697323,114.073873901367,99.1006026221103,148.63157166826,115.619127655029,242.787719726562,81.5564690223107,0,43.0196829605103,0,88.4100972452471,0,108.434862301673,123.541349411011,38.1491343831442,0,75.8761640206361,0,89.9759044647217,171.602493286133,101.920668454514,183.565567016602,116.177831377302,0,41.7416759336957,0,63.8501272474016,0,9.47754511080988,162.81086730957,19.1235003000192,147.402297973633,23.0828960010067,0,0,129.290786743164,111.665654532517,184.046473185221
192.921198527018,123.107637857653,164.352035522461,46.9281258935195,183.699478149414,157.137022538619,0,146.456137615701,0,141.406978352865,0,133.047458301891,185.171295166016,124.714904258991,208.010025024414,12.1431068967091,0,8.47687082579944,0,29.3017466794572,0,11.3892432175668,0,32.838025742334,200.628997802734,76.1407923126221,211.702270507812,25.2139275235645,204.509628295898,53.3875841126926,0,98.7454299926758,177.825603485107,111.05121046497,155.042230878557,105.132898457845,0,96.5648144169858,160.511363983154,63.9768356071724,162.409936523437,81.6290245638549,157.651612418038,99.4484274233991,163.740356445312,99.1757456844014,212.028137207031,105.872950236003,0,85.1193466186523,0,146.022750854492,0,104.165580749512,0,129.576112365723,0,110.185947418213,136.495931185209,91.8864857278219,152.230042293154,105.234722164895,164.456878662109,105.813431068703,0,65.4315232833226,0,38.9055351308874,0,64.4121138832786,183.506469726562,101.150861016635,0,42.0718583106995,0,58.0363161841104,172.755523681641,103.219362819896,0,103.758216552734,0,134.47978515625,0,30.6332810686521,147.32202911377,72.0419963402084,179.689674377441,8.46579646102457,183.191543579102,20.7699347332937,186.505996704102,22.1782992728296,0,89.1977962917752,193.559204101562,113.840678901003
138.234317917422,195.501983642578,60.5129999771118,158.234573364258,136.36815570152,173.628863864475,118.16166788737,183.378395080566,116.404628123408,0,103.105967944358,204.49560546875,89.0166027877904,206.039815266927,56.5340437440791,169.59814453125,25.3521473931087,0,10.5151540745356,166.533237457275,41.9707877166887,0,30.4197578470872,176.698099772135,36.4719378888977,159.652430216471,64.6651387336927,195.698486328125,70.9018432470468,186.236968994141,86.0939841270447,151.810989379883,91.6469966095763,134.646549224854,88.4305355795499,134.899851872371,61.4231152495927,178.749481201172,22.4247312215403,126.544460296631,46.5877218697443,149.891296386719,80.8992470143019,155.174615478516,88.2324646949768,187.499462127686,95.924204312838,162.649124145508,0,0,126.949466705322,0,81.181339263916,0,0,0,149.396680831909,108.787628173828,81.3286285942765,116.95469156901,85.5387837562793,142.59951710701,100.892359646884,143.579105377197,129.059618225098,0,91.1665561382587,0,96.7490010942732,0,113.614239501953,182.606826782227,78.4814872741699,0,59.5569552397117,170.776798248291,101.470656451057,162.791041056315,109.926887404751,160.898529052734,102.073089921978,0,78.9937516621181,156.553619384766,52.8424048823351,0,34.8580008985905,0,18.2983172157694,172.841583251953,15.6690777196803,0,70.6631469726562,172.033671061198,105.451796430882,178.508253309462
207.010278320312,135.972481026298,154.294937133789,69.2603610774685,192.241205851237,146.563723742962,183.999446868896,126.500090827769,168.066864013672,125.443697244843,201.248046875,114.571286505395,164.932151794434,116.761877226349,184.232518513997,55.20230759096,0,29.3017466794572,166.533237457275,13.0624615631347,0,52.423861954329,168.596473693848,35.6357363278374,156.07884979248,59.6551342627868,0,84.3671652793884,167.541439056396,79.993950686201,172.926452636719,88.1259464309329,133.819858224051,98.9524393665547,131.745194702148,88.7248179695823,142.662703196208,49.9623751315665,139.770233741173,21.1223334206294,142.140777587891,40.8062503489513,147.677566420864,83.4428934185762,156.81259765625,75.7592708303185,133.025451660156,97.3292497907366,0,0,167.031931559245,146.780847549438,0,110.038673400879,114.626541137695,137.748105367025,0,136.399523925781,113.842805962814,77.1341477793159,140.65404911699,90.2258925514425,0,90.4497257656521,0,118.801726561326,0,76.7694871085031,150.054122924805,66.4363089530699,175.056777954102,107.552970314026,238.042343139648,89.39976755778,0,89.1910971062524,177.875885009766,102.902994311586,170.10816519601,105.076337060263,186.426773071289,108.292705651486,0,31.2810146224638,123.14515838623,40.234994460666,151.919855117798,25.6227498911098,171.341247558594,23.9219833581513,138.155175526937,13.2417650835355,203.927124023438,79.3428135747495,180.551679338728,95.7183992769625
107.598484312813,169.719189453125,53.1499138358254,195.427312215169,158.314486634498,189.294639587402,155.992806163261,193.330642700195,134.982081557765,0,130.817099627327,219.428192138672,120.851196019336,226.351130167643,11.0393458910136,230.828567504883,13.3251526402081,0,41.9707877166887,0,5.69574944326828,0,18.2904300918082,208.635772705078,71.408810183687,184.155235290527,9.6720541491649,230.901824951172,30.5542086507299,198.387645721436,80.9320627485003,180.413124084473,123.747337063876,144.894348144531,109.58919839298,139.859725952148,94.6867056952582,0,67.2521371107835,0,86.0664646966117,170.035858154297,101.234314315957,166.59968500552,98.0278694629669,177.610382080078,100.857777775945,169.288898468018,82.4586574554443,230.100830078125,150.567314147949,207.464019775391,57.8628362019857,0,106.14927482605,142.714809417725,119.983739217122,110.653503417969,103.330968873114,131.213771396213,107.710411792149,160.842923300607,121.303120567685,173.967498779297,67.7017151685861,0,28.0534770168909,0,70.7655398050944,180.502487182617,106.849501122369,145.214422225952,16.5593708016573,0,32.6395135332448,211.231147766113,82.8272757595533,183.235321044922,101.942225033179,203.557540893555,118.162529454087,0,100.392396767934,0,75.2570432632689,0,19.8384725077979,0,44.1370641661853,0,48.2253060924914,0,116.556816101074,139.827362060547,116.028028623022,209.582847595215
170.208274841309,100.547206428962,0,39.3312367581307,213.070678710938,159.136995442708,205.065742492676,151.748797329989,0,144.622397155762,215.536666870117,153.668074544271,0,138.949774242583,212.184051513672,15.8051158764133,0,11.3892432175668,0,52.423861954329,0,6.15634444474717,0,15.873999760402,0,71.086957864594,0,18.8229324598598,218.915344238281,26.0931041563658,0,70.8818814754486,0,114.726472218831,160.032385253906,117.470338994806,154.501159667969,109.276901753743,189.084999084473,78.8664755280485,0,93.7751457005331,175.422437032064,107.293057459051,222.191848754883,97.9236462456839,0,106.180698595549,122.793643951416,82.007682800293,0,134.525254821777,0,84.6275634765625,0,121.770309448242,0,150.055309295654,130.259437561035,87.1430368838103,164.17679087321,112.113795238992,202.408432006836,119.737264806574,0,59.375153253383,0,29.6495823699437,0,60.0958881821743,0,92.2015652126736,0,31.8048323563167,0,38.7787682717307,0,75.2363148564878,172.882186889648,102.082064158881,0,123.660914611816,0,93.1714427947998,137.854934692383,89.0340435630397,0,17.5771033090799,196.004638671875,45.2341084700364,0,58.3677239528922,0,115.725385030111,213.470596313477,117.216421813965
119.056983947754,163.751271761381,66.7472602273576,174.642506917318,143.972297533024,187.971533033583,126.26302972972,186.89377117157,126.679427393471,0,111.633337793137,0,98.000160651953,185.32150777181,43.3820747664465,0,32.4544624520772,0,30.4197578470872,168.596473693848,18.2904300918082,0,10.8469854419614,197.43571472168,20.4988992242627,159.943134307861,34.8802240700816,0,18.2031493371528,198.498977661133,24.6991645935419,180.676208496094,95.7916671674545,170.016525268555,103.468422635396,150.411448160807,68.7595842417004,170.045918782552,47.4292348650633,136.669198989868,57.6267262509547,156.23461151123,82.6920174894277,165.137943348986,72.7009692534236,180.868185424805,93.9793264489425,176.207244873047,102.213186645508,0,139.208523750305,152.29153137207,79.9783508777618,0,124.760841369629,145.513107299805,126.465068181356,115.585289001465,88.6455838709702,109.893811543783,92.9652057938433,146.268779581243,113.639193134923,180.447372436523,82.6894906811092,130.451904296875,52.9278456891169,0,79.4530978383897,0,102.032958092048,145.130121866862,48.503184915472,0,59.3406984993581,185.072128295898,75.5126207139757,167.384399414062,95.2932529760867,174.814376831055,111.251595466368,0,87.7186730243407,0,57.0740098894013,125.268074035645,27.6713830096357,172.336135864258,63.1388856295882,184.142196655273,50.304283396403,170.97206624349,96.9023361206055,170.145178658622,103.992725187494,184.899247911241
174.383642343374,117.140898218545,170.271900939941,49.7469238717442,189.925423322405,146.64088539228,192.199282559482,129.520561934251,206.130081176758,136.482597963385,220.026028442383,128.942940554412,197.674747467041,123.870305994055,227.623291015625,45.5799805735542,184.845352172852,32.838025742334,176.698099772135,35.6357363278374,208.635772705078,15.873999760402,197.43571472168,11.1148870354698,158.144826253255,19.5768454587874,220.872528076172,37.4652708277138,183.557113647461,20.0645113509285,170.397644042969,21.3778020815284,157.224090576172,109.299182838118,148.644234601189,102.527972751194,141.83749800462,79.2384171213423,173.239192199707,45.7599401072972,154.862879435221,61.4217868919501,159.724935409126,85.700086594373,179.936711629232,76.3783368068872,159.062149047852,93.7113731771276,139.83666229248,93.2940614761845,148.37166595459,149.77787562779,234.063674926758,66.3798526763916,182.97319454617,120.000183468773,159.393812179565,121.477673485166,131.330779365871,83.7858574581842,145.178970491564,98.413540946736,159.074679056803,101.663566266076,149.379244804382,70.8773661929887,187.865997314453,54.0332921824575,211.825988769531,39.0993542279283,177.65299987793,89.0329382532403,0,51.4838123764497,187.648678588867,37.0316875424301,164.11208597819,75.0705351187158,172.645657626065,93.328433473497,0,122.501714433943,133.861000061035,87.6393225511559,177.796798706055,66.6173431778961,184.01390838623,22.0142984203023,160.786073684692,39.2592913028671,166.710675920759,51.4760858299088,138.625648498535,93.8508851294424,183.630094909668,102.245482749603
143.203289618859,194.652531941732,102.095996570587,179.170659383138,129.124583449545,176.495459965297,111.861118746999,185.311039515904,129.809896809714,0,112.099437573032,204.028427124023,93.4297345501215,181.411618319425,79.837399404557,208.931549072266,72.8808685779572,200.628997802734,36.4719378888977,156.07884979248,71.408810183687,0,20.4988992242627,158.144826253255,9.389620185595,0,68.5226142733705,201.851547241211,40.2784015377237,203.812484741211,10.2038535109174,161.777885437012,87.6168837450293,132.042858123779,88.689090494524,142.62915886773,66.5009130954742,158.20304107666,39.11253944852,138.418521881104,32.2058674608061,129.077955245972,52.0756615552326,152.527587890625,19.3208675020332,172.589561462402,79.5769584261138,152.086486816406,128.485742841448,130.61083984375,128.875446934854,157.231330023872,96.4838333129883,0,154.697463989258,185.307838439941,135.767115275065,125.848945617676,84.8035608488938,105.222939300537,90.0022790411941,132.331181220289,119.086119651794,190.426177978516,121.737675052219,211.27392578125,79.2169371814263,0,43.0960950105087,0,53.4639841196488,117.523139953613,77.5726985168457,0,46.7524052036619,168.100112915039,46.5546589634635,169.135639190674,80.6237523202939,167.719055175781,111.633191426595,0,91.1056557048451,0,66.4445254007975,0,64.5945928934458,176.018524169922,112.105275726318,149.719421386719,63.6216329516786,149.529469807943,117.609819412231,132.478866577148,102.612371553693,168.881166730608
194.950306027435,134.912055297075,187.58772277832,88.1134184282879,174.647884022106,122.760305851903,174.286522443904,109.599230269259,187.250918579102,131.010883083412,183.446101597377,118.798835690174,159.580842154367,97.1356018653821,210.521286010742,84.2151364665739,165.573516845703,76.1407923126221,159.652430216471,59.6551342627868,184.155235290527,71.086957864594,159.943134307861,19.5768454587874,0,8.18742070820417,175.610610961914,74.0613893181761,168.796869913737,36.3997742286465,168.287506103516,13.1287271977526,159.072344729775,94.0257887487058,128.369324533563,98.5351213662021,141.382453918457,80.0621624128193,171.056939697266,27.5464661195329,166.863746643066,36.8751949789681,144.002970790863,45.7894605380931,151.521584404839,17.3315066558319,135.234760284424,80.232776096889,153.003479003906,140.675267537435,169.756874084473,134.871895980835,0,164.810285949707,172.152420043945,143.527074432373,154.795109558105,127.712333679199,119.334149496896,79.2184272666165,136.565977266519,89.5700549914445,157.316656494141,93.3341162661289,0,106.543430245441,183.423614501953,75.4332176390148,163.372047424316,37.7948983650376,168.62654876709,57.4286951538204,0,78.225617240457,154.261932373047,53.7016960382462,140.458076477051,39.0604000310788,168.858367919922,82.6188324005877,168.05078125,123.700058095595,204.90193939209,108.898754029047,128.078826904297,78.2322173047422,178.92183303833,66.5713346099854,123.34455871582,89.5997940943791,142.558809916178,76.6603055733901,0,71.7025229714134,159.086506843567,89.548685986388
132.870183257019,163.960234324137,58.4349363673817,223.55061340332,170.012115970735,215.44596862793,160.137998954735,209.084177652995,159.15620841232,0,146.102151648399,227.608062744141,139.125279171366,196.780143737793,11.1342177383838,0,28.2994699084069,211.702270507812,64.6651387336927,0,9.6720541491649,0,34.8802240700816,220.872528076172,68.5226142733705,175.610610961914,7.10851619941453,0,17.0092301429368,210.36051940918,59.6146690523302,184.519805908203,131.9329561506,167.684051513672,133.374225434803,165.712097167969,116.705891715156,0,94.0557016876509,196.895599365234,96.3945117020488,161.989395141602,110.741735587781,180.880340576172,88.5334653124646,206.880840301514,106.461006418864,186.475621541341,94.5926576341901,0,161.274121602376,188.209650675456,69.4131491524833,0,91.9844017028809,0,125.280471801758,0,105.000999182043,123.199903869629,117.861556053162,164.664705999966,127.334428514753,196.003692626953,77.028303968797,0,30.7665026948807,0,54.9635734428354,0,106.017007630447,141.428579711914,8.9653781478389,0,24.8478640371222,183.447677612305,66.9597239202383,201.746437072754,97.8733899933951,175.444351196289,142.045054844448,0,115.709979375203,0,93.9819847555722,0,23.9402397352484,0,63.864072561264,0,59.9826454162598,172.276657104492,131.640605926514,0,122.42034443942,204.265853881836
