10.55183416194,92.6263005824186,57.0687863876899,113.269956963085,22.5475262093923,99.3186387201862,18.1133517722977,92.4943237727871,17.280080643812,97.3912231505863,48.3873324910066,103.839766217093,94.0151485212697,136.782807989435,85.8212476742813,135.779029846191,151.605235417684,0,154.647579738072,171.774013519287,118.035672274503,130.050094604492,140.040325653859,199.097191704644,141.858947753906,191.798808047646,129.36483001709,0,153.022984526878,188.956188964844,155.968301391602,197.025690714518,111.74154335022,161.778585580679,122.629008881033,175.836385553533,116.149043933765,155.844595336914,130.654121192726,172.463554382324,123.629323577881,182.304526589134,133.509761058501,184.145843505859,152.099990242406,179.150276184082,147.927032470703,0,17.5191995757612,84.061133742914,66.1812015332674,127.610859870911,43.7106991783155,71.6186538696289,25.2073967328837,76.468406170724,43.7248186163695,72.0276861705312,106.533437541455,153.865685725558,118.599813682155,181.540103618915,169.74787902832,0,26.9610120546604,101.678152686671,86.5143662966215,163.752517700195,145.220524215698,172.523178100586,149.976545061384,0,109.738315963745,0,162.386760545814,0,152.067993927002,0,169.662901814779,201.994445800781,49.4943062346497,98.0461004613861,71.9467398597595,116.724732832475,107.117736630323,152.468104771205,89.7104688727337,0,131.731476253933,134.130195617676,114.526164484959,161.248347473145,123.323654174805,0,180.360234578451,224.634826660156
92.6263005824186,12.7649504906969,106.869983455343,57.9781624854465,98.6299135663636,23.283145186403,89.3925551805208,24.884834935023,88.6008893762912,23.0713228016645,100.418514689174,58.692958344879,135.474131859673,88.1938465562673,148.863313462999,83.7011209452687,0,120.149501482646,194.460609436035,129.228500978002,0,98.3563510349819,0,126.801019724472,199.875160217285,129.883118906722,140.728317260742,115.061512332492,0,141.849065765133,0,144.711091706247,158.947183709396,107.835233636978,159.332248051961,124.475011813566,172.132568359375,110.639610469741,174.728597640991,114.929639661634,144.245807647705,122.711807886759,196.308767218339,137.98156383002,201.926345825195,140.454162995712,170.413040161133,158.64124806722,83.7749836133874,16.0863683673116,116.703058369954,83.6517258882523,79.0386265005384,39.1054796294483,79.1999599034326,17.2225681079171,84.6971119454436,43.5340094623538,167.121071624756,112.583899520514,188.717425537109,125.82100617819,200.795959472656,166.11071395874,88.001327058289,30.2637970182103,176.673473358154,115.031328554507,186.709625244141,145.405705577922,0,145.480422210693,221.373062133789,109.776085662842,243.384201049805,147.567235639018,0,154.477526245117,190.31290435791,162.083992385864,101.238155768899,37.6889057960831,118.841263848382,76.8532056895057,138.452103932699,104.055290997683,106.144720458984,85.3447064201613,0,113.510716029576,138.985092163086,108.756759377651,0,0,247.570678710938,172.034610748291
57.0687863876899,106.869983455343,10.4546553973818,129.417778205872,64.220923790678,103.008429963125,58.4301134441676,103.636680470835,39.7478244333892,114.604720907008,43.146059216223,111.259885750565,59.8268691508238,106.454232212171,23.5448786202641,125.992111206055,46.6295027772919,161.123462677002,48.8668967706186,138.323708216349,36.2997478842735,0,46.708733128139,172.697392272949,67.2725492551182,168.154762268066,40.4637595143649,190.843170166016,44.8983152458223,189.884638468424,67.5599750217638,158.2054271698,56.0579415879297,110.964857274836,58.5070138534624,122.207383529,49.2747723134709,121.783906836259,57.2485416644693,133.802643367222,72.5122846801424,143.268547840607,75.9592924666337,147.225325764089,81.2334911503743,173.66752741887,75.9752788110213,188.705604553223,46.1333177198443,124.787696838379,66.4769436518351,102.116454519877,36.8348651083346,52.1687405904134,57.5966336196166,86.5335939353872,57.6146516670936,85.8000103632609,62.0336841470502,100.062017952524,73.2436620297639,128.519796816508,94.8979235003071,178.029871622721,20.7754034565839,109.685668945312,19.5477752584277,100.985450744629,40.500525777432,142.507904052734,88.9840410096305,159.93799718221,41.1218305334921,0,54.5165989899054,168.910990397135,59.7334997994559,168.660230000814,82.0141070630941,195.083028793335,30.4829479931231,121.885103861491,30.7742882100666,106.722580319359,31.2161593925201,127.562824249268,26.1026562797176,166.13215637207,26.1533873806641,132.149507795061,38.3714400912465,129.892148104581,70.7378833770752,137.313772201538,90.9385317152429,195.933756510417
113.269956963085,57.9781624854465,129.417778205872,10.5767274422502,102.924656073252,61.5553870225739,98.8330191872337,58.1601840794435,101.369027273996,43.2458958881933,117.761635480608,47.9127246709866,116.286917300934,56.6109294139803,206.913925170898,23.1287704738901,0,39.8379636940203,142.784978230794,73.5946684611471,199.83650970459,35.608482164078,157.064605712891,41.7265663134223,161.154525756836,83.7398640479314,184.692001342773,38.7257259274706,187.475372314453,63.7550728174561,161.615798950195,78.804337871318,108.932215439646,56.2206301025496,122.37419128418,67.2634626892398,111.150547027588,57.2500230008828,123.589624906841,69.6950022237747,137.185247875395,79.8051353495028,151.435412303511,83.9850022924458,172.613335418701,83.4852205297761,164.967607879639,90.7502491097701,104.887699551053,43.1810792747646,91.8197671508789,74.0883300030818,114.492221832275,31.4415941799388,96.05356108624,56.7259816677771,95.5479716548213,60.8124412032793,87.7307201448034,72.1161211665003,129.099735437438,84.0822201598699,171.590109688895,96.300371859936,92.833110555013,22.8838047185677,182.602005004883,32.2733830001457,214.341049194336,53.0123883330304,139.878851996528,95.3189224431544,218.170227050781,48.5589328606923,186.194519042969,65.1024781817482,154.268423461914,93.1727013544205,177.360616583573,92.0431053293923,108.290706634521,29.8576300641537,112.618970697576,30.8766721781603,111.645957946777,38.8807474165654,183.82674407959,21.7246345541625,140.349712371826,31.387718464647,135.513588799371,49.5566348923745,138.819717407227,97.7657318115234,181.768215603299,98.4392163070602
22.5475262093923,98.6299135663636,64.220923790678,102.924656073252,11.3762755788175,85.6479459098184,22.7974401813063,86.0081749360849,65.4221091800266,103.939341896459,56.9076329184769,96.4963341595167,43.829587839657,93.6289398094836,139.543170271249,142.141906738281,167.403860909598,0,126.766849431125,194.001499176025,147.725536770291,0,127.87380740258,182.390966796875,115.826606676774,159.973355995034,163.879821523031,154.74885559082,144.324424696846,189.336431650015,125.416995699444,157.711639404297,63.0519862486383,126.453469615872,63.1257684728317,137.222868330023,95.2911762661404,140.75482004339,101.290207995484,142.914956934312,96.5632096913235,144.603289534406,90.7508872772962,157.461113574458,107.48549836772,174.019675514915,113.720119476318,174.310745239258,60.3927120119333,103.433834620884,22.8059523060449,83.0385834405727,62.8532363824677,87.3219970703125,16.1774054599067,77.9085030484555,37.3344267541407,73.6053976720693,87.9147862704744,132.07493169257,89.8484403200117,150.999185632776,114.842646789551,152.328369140625,71.0369524580709,127.562904026197,128.220215606689,0,131.073683107054,161.100997924805,139.981754102205,167.614318847656,172.404747372582,0,135.257233114804,209.128606160482,116.677779048322,206.817047119141,115.891612012847,0,61.2302220323003,103.348481414515,60.2359040623206,99.8540229554389,91.4547279925386,137.214779853821,136.203893632155,185.923984527588,118.296358802102,161.449237823486,109.348225296185,161.817131890191,168.062393188477,170.245719909668,128.859432148484,209.188179016113
99.3186387201862,23.283145186403,103.008429963125,61.5553870225739,85.6479459098184,9.73881360061092,86.7124810113354,25.274849050298,99.5796283861486,69.1337990034495,95.0152580608021,58.2412445326298,95.6413421063131,39.9033438414373,0,121.92969713713,177.639137268066,159.511287689209,167.257925415039,129.832951979204,199.166760253906,153.783824496799,167.484193929036,133.726018282262,161.219103426547,112.220543763919,211.47875213623,163.385711669922,188.356245117188,139.709009640181,178.623905726842,119.142631103516,128.086697570801,72.757022797928,141.985700734456,69.5407311197788,131.556573791504,97.7221044321529,143.298081359863,103.023331318427,142.597775851979,99.70042367075,159.240083362745,93.2098570422921,168.594145638602,109.674330089403,193.385803222656,130.199903869629,112.899526708266,66.6551798907193,78.4757041931152,15.2336484475673,119.999280293783,67.7183040618897,77.0983101035694,16.2327773623342,68.6602620818988,37.6490721759017,110.132529494342,77.2223312829299,148.728730461814,85.9004704433568,158.609268188477,143.636328560965,104.666666085379,85.1968483202385,158.819554138184,136.197205977006,166.600115689364,128.097526891908,224.052093505859,129.710376739502,211.167427062988,164.006743537055,184.88893959739,137.676941223145,176.003997802734,129.836634499686,167.07125515408,148.053789520264,100.591566698892,64.5871448156697,98.2811893314213,63.4687356033418,128.701826095581,102.791580200195,174.38018629286,139.023458753313,146.389354705811,115.416074818578,149.338483174642,111.505667980806,222.882675170898,124.18531036377,197.407339913504,149.829121676358
18.1133517722977,89.3925551805208,58.4301134441676,98.8330191872337,22.7974401813063,86.7124810113354,12.3403858142258,85.3463303814764,16.7856797409795,92.4573997186155,36.0078262953221,91.8805809706271,28.4289143725223,98.8975241918984,163.343460881433,120.972290039062,139.313669266239,0,112.221418094635,206.43359375,146.682318369548,0,112.338079358464,176.487854851617,104.579988483261,164.193709502349,158.242808617486,212.5146484375,133.5949069315,196.396242141724,115.013801956177,188.745782470703,61.2429366679131,133.867123565674,82.4245838609714,153.70965090665,60.3880936061366,131.422966003418,87.3230274808324,146.308841451009,91.1145576829516,145.814953711725,106.657971832275,168.484929134971,106.166937910532,185.319195217556,151.902886284722,0,57.5585589842363,109.744964599609,63.1435546674226,84.3345671814757,68.7546993521757,71.7384986877441,45.8489266995391,77.7368225292036,39.3376676850707,76.3296983265182,90.4680575187633,133.726985359192,111.788550116799,154.772877693176,0,199.355209350586,56.2837638341217,120.716129302979,151.121523742676,0,140.78189335313,163.715316772461,142.833484395345,157.56357828776,161.142994314,0,129.17801483676,193.927480061849,117.006459817119,209.25463104248,119.907576947599,179.879058837891,49.8268489375958,93.8220747328296,56.9283936599205,99.4240045919047,88.2113846768154,157.743940353394,130.238711085464,198.146499633789,112.657086442157,128.108547210693,96.5269550323486,136.535096740723,141.337890625,0,138.996120634533,0
92.4943237727871,24.884834935023,103.636680470835,58.1601840794435,86.0081749360849,25.274849050298,85.3463303814764,11.8187042038164,92.6329609450474,36.2838843998262,93.4250510360884,34.3664066059585,97.0428359015235,24.66265461214,225.828346252441,152.368838700381,0,141.923811629012,154.684539794922,115.294378057703,0,146.211531561774,163.172039325421,121.118377181555,161.328663126628,100.460042410164,209.727058410645,154.615546621927,178.878730773926,129.213095414011,186.515112740653,112.065162602317,136.099759806757,57.4739558965853,149.748512268066,74.5004747602675,140.884375890096,90.6286934697351,154.786833953857,81.4244757428195,154.459588443532,91.8719150069132,169.0314154852,94.3138845280517,169.967589060465,102.960782597429,174.742092132568,191.534306844076,115.531889779227,96.5160505506727,80.2360443612804,72.7412773255379,135.710754394531,80.8817825317383,77.7654924120222,55.3304305677654,70.6924618530273,41.1912726336457,128.09524237143,104.029883100275,161.693081126494,113.990843927293,0,130.010559082031,120.428866386414,73.5870778721534,215.627937316895,144.218071594238,166.800888061523,135.295286390516,0,168.48830947876,0,156.72104535784,198.497606913249,129.374792008173,175.209604899089,116.85332918924,203.463096618652,172.576190694173,98.7241725921631,55.4454112331424,98.5548111231981,61.436658127794,127.452675955636,99.1678793334961,159.519207763672,133.954130684457,159.039085388184,107.73531405131,154.457135009766,107.225703449992,0,0,204.578582763672,165.292954444885
17.280080643812,88.6008893762912,39.7478244333892,101.369027273996,65.4221091800266,99.5796283861486,16.7856797409795,92.6329609450474,10.3160081228594,94.9875700903721,12.6406788159503,103.396455628531,69.9833657212836,130.375913852599,75.4343931674957,0,140.25862121582,0,115.421286083403,0,151.429977416992,0,121.015755271912,0,119.178706698947,153.943389892578,133.222526550293,0,146.305917822796,226.145553588867,112.619743347168,0,91.3244273662567,126.079872131348,110.771671295166,0,87.2508978921859,0,98.2921222505115,158.246871948242,123.697439193726,181.663032531738,144.226385328505,180.549697875977,147.850673251682,0,144.444183349609,0,57.9462431127375,91.940242767334,83.7822587149484,83.1067657470703,55.8609254625108,78.9363861083984,44.7851989240531,80.0875010141512,43.9108897560048,79.2537704750344,97.4927963529314,151.134637832642,131.607808199796,192.685882568359,0,0,21.3425830994453,100.586515426636,87.4472709655762,0,141.725559234619,136.933090209961,0,0,143.343147277832,0,162.197657267253,216.084884643555,136.302738189697,0,176.156555175781,0,20.0954987381452,98.2182769775391,41.816848413806,159.962094624837,81.1166598926891,145.530349731445,99.6702426274617,0,102.427946302626,155.419860839844,88.7801518342933,171.310544967651,0,0,140.35009765625,0
97.3912231505863,23.0713228016645,114.604720907008,43.2458958881933,103.939341896459,69.1337990034495,92.4573997186155,36.2838843998262,94.9875700903721,10.5076007154703,104.303869687594,15.2770528246905,138.994289398193,68.0210713473233,0,105.542788505554,0,148.233395385742,0,119.541465018136,0,195.710736083984,0,130.316556674331,0,120.302153579832,0,143.543101719448,0,146.363588069035,0,156.727256774902,154.788861592611,83.7932724060772,158.823155721029,113.308474222819,189.879577636719,86.0541702515687,0,100.13408283249,0,107.409027352625,170.222665405273,126.554119013533,189.270935058594,149.143624232366,0,0,111.083171844482,60.7503494686551,119.991449628557,99.8695617088905,124.606342315674,0,89.9364512231615,58.7008540793641,90.3176986149379,55.031790598008,123.41016960144,125.332730701991,206.195243835449,139.447908556139,0,0,98.919849171358,15.8667312436177,0,86.5318908691406,0,139.374828338623,0,207.16967010498,172.029876708984,172.959728240967,223.880493164062,138.490412394206,0,157.807540199973,148.431060791016,160.04877726237,100.885682242257,17.2165625655648,125.604225158691,43.1215040838648,0,86.909359060801,231.899307250977,117.578297150441,0,106.679884592692,167.117889404297,95.1503554962494,0,0,213.147888183594,154.545083618164
48.3873324910066,100.418514689174,43.146059216223,117.761635480608,56.9076329184769,95.0152580608021,36.0078262953221,93.4250510360884,12.6406788159503,104.303869687594,8.60731416979231,94.0359589442734,26.3229063131232,115.624856714932,154.098552869714,233.364868164062,115.281130390783,0,101.455920447373,130.69938659668,125.620976039342,0,102.903960160806,203.462658691406,105.107948058242,183.929286609996,156.153208051409,0,124.806337780423,205.835578918457,112.40719972338,180.738983154297,65.8140199864769,130.98609828949,102.320502819658,145.850762049357,68.4483711148652,140.952011108398,85.538211284099,159.249374389648,101.854129542475,184.481745402018,128.708763831002,166.016510009766,117.052220182599,0,237.380996704102,0,85.1461872524685,85.7592468261719,68.6457728984193,107.678024715847,85.7390419006348,0,53.7598222441274,83.4354051958051,53.7755247136598,87.2630675389216,85.0525676350535,132.319332758586,121.402675787608,158.954577445984,178.09593963623,178.152740478516,38.8072150548299,106.697160339355,131.872169494629,0,123.239689297146,116.140594482422,172.702072143555,0,162.009380976359,0,124.121343485514,0,132.162633768717,0,157.372121474322,0,14.769526561682,101.026139322917,18.9576901513294,114.989626633494,63.8421851902792,147.357406616211,115.494055223095,190.363067626953,92.7575258272831,131.995048522949,79.3174723461421,0,0,0,167.049944196429,196.920120239258
103.839766217093,58.692958344879,111.259885750565,47.9127246709866,96.4963341595167,58.2412445326298,91.8805809706271,34.3664066059585,103.396455628531,15.2770528246905,94.0359589442734,8.01207378478655,116.255083709955,27.9331599249241,151.9899559021,6.44164781424464,0,135.158197675432,0,99.3480548535363,0,146.599531173706,0,116.779231966004,168.552861531576,106.179785133087,0,142.578796386719,191.890289306641,135.61170501709,0,134.391770362854,141.978237649669,50.3697931982565,145.421965206371,91.0804616510868,154.06431833903,66.2254594750526,169.592712402344,79.8725654333353,161.654479980469,87.511006608846,174.468094769646,103.777146958076,169.332992553711,124.129692224356,170.972946166992,0,120.290445327759,100.695938110352,106.060422973633,76.9307174682617,136.576400756836,111.296241760254,86.9192787391552,60.851469039917,85.0495303344726,57.2723030477711,101.728515038124,99.009488482808,167.658366810192,120.355864715576,0,209.59211730957,117.275379180908,52.3209241945645,0,152.611869812012,138.323440551758,157.882382202148,0,220.240524291992,0,178.141713460286,0,147.442230224609,0,143.006549072266,197.305305480957,173.07706451416,98.1499492645264,14.473741114365,116.192149769176,23.2839960668643,158.813095092773,69.5825825525709,215.428354899089,121.808797597885,169.798469543457,100.01580980089,144.579073588053,86.5086822509766,0,0,183.381828308105,172.177093505859
94.0151485212697,135.474131859673,59.8268691508238,116.286917300934,43.829587839657,95.6413421063131,28.4289143725223,97.0428359015235,69.9833657212836,138.994289398193,26.3229063131232,116.255083709955,12.5730742680746,94.2622296006773,140.86449767731,216.880012512207,111.552140207002,211.593780517578,88.6925994930196,149.224622090658,125.299354095459,200.37996673584,90.8166424538415,176.309677124023,86.5206594204889,158.829887653219,137.777192565918,0,114.900359376595,190.849589029948,95.437810341292,174.619805472238,23.4940999354627,102.005258072588,43.0019077384674,124.881297988121,51.433972036048,127.530743462699,68.1508168160845,137.629584592931,72.2294544605836,144.820636950041,81.2695423348061,146.726866833917,88.868211540673,163.410254983341,104.280894470215,145.360763549805,107.693856672807,116.571350097656,24.8643481806925,93.6959199338612,107.910025024414,0,57.2499064468756,94.7877628398391,42.2175456400334,72.7387733593322,38.091076408179,85.06083916112,51.8100494895203,128.15274102909,111.093079703195,155.914443969727,92.7380837494472,155.953318277995,123.55068174998,180.200637817383,113.864798687874,124.617835998535,150.509596975226,143.102035522461,141.491058677755,0,113.700315319762,199.302526855469,101.279277827464,175.537243652344,111.815764689606,177.090408325195,54.8654844707913,125.520627746582,18.3988669349943,107.594649950663,53.0281675004162,122.671555463006,108.52871328611,163.155252456665,85.6152226362106,112.36061706543,72.840963041849,120.226364983453,0,150.94701385498,132.808571253067,187.039024353027
136.782807989435,88.1938465562673,106.454232212171,56.6109294139803,93.6289398094836,39.9033438414373,98.8975241918984,24.66265461214,130.375913852599,68.0210713473233,115.624856714932,27.9331599249241,94.2622296006773,13.2003759865943,191.376617431641,129.841163189515,157.029769897461,131.949130830311,165.542031424386,106.080921660078,0,140.055241671475,167.829478672573,110.801928144072,165.00901874743,84.3638721705195,207.207984924316,140.466338213752,182.954847547743,118.244328425481,159.059204101562,95.6380360921224,100.762304711967,22.3993205363466,121.849490900708,47.4574838857047,123.431963740168,54.0744918057972,127.792998199463,57.1123752344341,140.195031511023,75.3743688294617,141.180568378433,76.2174743483957,155.444188611261,89.2066722545984,154.278968811035,125.501270294189,171.352233886719,141.925366719564,87.0001949851329,22.568957309522,162.814056396484,0,94.5209654950081,43.6016195024763,57.3299676158498,44.5102054931551,60.6672121736084,33.3481373567828,128.699570855429,54.6232846205938,200.624160766602,121.718742370605,156.252337137858,90.0042594769679,181.417846679688,107.06803098638,180.750231424967,116.489874703544,168.283836364746,122.352284431458,220.276758829753,148.195351600647,194.095342000326,116.17430639267,166.614053090413,104.948201726695,175.460395507813,137.049973921342,121.182839133523,35.189658441349,103.403969030271,21.3583203412084,116.281295776367,57.9424678595491,175.006760279338,104.321932087774,158.237670898438,83.1833263341931,141.854734247381,81.9235902130604,0,121.875560760498,188.561255560981,136.047708638509
85.8212476742813,148.863313462999,23.5448786202641,206.913925170898,139.543170271249,0,163.343460881433,225.828346252441,75.4343931674957,0,154.098552869714,151.9899559021,140.86449767731,191.376617431641,6.95236290866016,242.537673950195,9.93146637497566,0,36.0061729351679,0,10.9013681868928,0,40.5065966321074,235.911117553711,79.7994502223818,0,13.6552332748607,0,36.0534068897901,0,72.7230059855693,0,140.047379322541,0,126.676825387137,180.396774291992,113.33593343099,0,93.8770276985916,194.551284790039,103.792152404785,189.645896911621,117.466843274781,194.86573600769,101.484072076707,190.84481048584,99.5523280608348,0,63.5285533905029,0,156.183192443848,0,51.9026912961687,116.570693969727,80.6933691236708,141.814147949219,101.751410166423,168.001449584961,90.909072912307,102.855010986328,127.995931926527,172.035827636719,134.875991821289,0,41.55584630814,0,16.2358162658373,0,50.701494503491,0,113.765722941203,215.381851196289,11.8968442416304,234.2685546875,32.3938430152162,0,74.3817838373031,0,105.007740286244,0,66.4966481526693,0,125.025442759196,188.723136901855,92.8026054382324,0,12.8947948961799,0,32.0801483154297,236.848159790039,44.2515640034395,0,86.7009506225586,0,128.743471716204,210.694320678711
135.779029846191,83.7011209452687,125.992111206055,23.1287704738901,142.141906738281,121.92969713713,120.972290039062,152.368838700381,0,105.542788505554,233.364868164062,6.44164781424464,216.880012512207,129.841163189515,242.537673950195,5.7808570323113,0,10.0688803789479,0,64.8992144167423,0,11.9974860526924,0,40.508104525383,0,80.0267580769122,247.229385375977,12.0113744493035,239.134353637695,38.595483636046,0,74.66467758297,0,94.0155404408773,174.85472869873,124.590562820435,0,134.384995142619,0,97.8485508249767,171.119955880301,110.677607012225,182.422736383254,120.752445220947,201.110482788086,104.342859812162,199.756465911865,115.480505869939,107.399353027344,65.2118670814916,0,227.217788696289,0,48.4915379418267,0,70.8477096557617,0,64.7532691955566,143.409885406494,106.576863299359,171.674441814423,124.952404935595,222.066278076172,135.043258666992,84.6319808959961,45.9049808584468,0,14.6347612829318,0,52.3613837855456,205.027244567871,100.99907740151,0,10.811126809546,199.464920043945,25.1532653500274,204.593383789062,77.3508840707632,202.973355102539,110.507237162811,0,11.4316228106618,203.951797485352,29.3623330528672,0,78.4500427246094,0,10.5012618910624,200.822135925293,49.5298811697191,0,68.824746131897,0,126.213837941488,211.507389831543,127.126281336734
151.605235417684,0,46.6295027772919,0,167.403860909598,177.639137268066,139.313669266239,0,140.25862121582,0,115.281130390783,0,111.552140207002,157.029769897461,9.93146637497566,0,6.30963280437767,0,20.4108719013867,0,8.78094675210572,0,22.1756101745968,0,62.9696864747165,171.528701782227,15.8219130604658,0,19.5796150949145,0,73.1507807644931,0,100.137825012207,134.752578735352,95.2483787536621,143.188086373465,82.3401935214088,127.706176757812,51.5789101036796,0,67.4837438829483,159.681086222331,90.4847811800508,167.982034856623,88.0371595312048,204.275695800781,95.2144967859442,0,125.821838378906,0,133.957336425781,0,53.7801208496094,0,0,0,149.313400268555,0,83.4355555852254,141.873641967773,93.8738543701172,137.859030587333,99.2870941162109,0,62.1586252848307,0,22.2554329971769,0,45.8537897382464,190.812072753906,103.926577925682,152.259449005127,16.6616314986841,0,16.96968518542,0,77.673211740893,173.702789306641,96.1536671838095,0,110.911399841309,0,8.74063253493709,0,71.652988960003,0,7.16640685383914,0,9.66143575042559,155.331939697266,10.4582250017241,166.967987060547,92.6541404724121,0,108.240138926405,187.223960876465
0,120.149501482646,161.123462677002,39.8379636940203,0,159.511287689209,0,141.923811629012,0,148.233395385742,0,135.158197675432,211.593780517578,131.949130830311,0,10.0688803789479,0,8.20400480110149,0,25.1738859784533,0,8.67250825509671,0,27.3405676503143,0,66.9134414196014,0,19.1937515311616,0,30.4391175792331,0,69.2188708864409,136.763590494792,99.7323499407087,130.171047210693,99.3676270194676,162.232879638672,86.8041524887085,0,59.6422599988106,158.292340596517,73.699635970691,163.974746704102,97.1768407498376,221.919448852539,94.7513804787084,192.852533976237,105.256806766286,0,71.7656707763672,0,0,0,59.2699928283691,168.314605712891,0,209.611251831055,95.9669723510742,113.755037580218,90.9299109389142,161.546947479248,103.982648655988,0,111.357461547852,0,58.0884028603049,0,30.7217942259528,0,52.0391672849655,0,97.9769706726074,0,26.9190606897528,0,27.7568012270434,173.975967407227,85.3014237663963,185.53154296875,97.5480484962463,0,119.587226867676,0,16.9425628686743,195.697845458984,70.0254546165466,151.960830688477,6.92166387610078,132.755676269531,16.6359374457816,132.031600952148,20.2293453152269,0,105.999446868896,193.821937561035,111.121317015754
154.647579738072,194.460609436035,48.8668967706186,142.784978230794,126.766849431125,167.257925415039,112.221418094635,154.684539794922,115.421286083403,0,101.455920447373,0,88.6925994930196,165.542031424386,36.0061729351679,0,20.4108719013867,0,12.2945650975938,152.128280639648,25.3364013702639,0,23.8660948624251,195.965797424316,39.9050364519755,0,33.7130567539822,190.393280029297,37.3482755747708,173.752746582031,82.3257547266343,200.579605102539,83.9564181395939,140.159066518148,84.2121520632789,127.238923572359,59.8222177609875,140.828463236491,21.194952360175,139.622825622559,40.0814976736632,138.922828674316,74.96962500467,151.653016795283,80.2208497183664,184.893203735352,87.8473281860352,159.40104675293,150.793029785156,0,118.07256825765,0,0,0,122.161113739014,0,117.292095947266,0,73.8853018317424,100.646098545619,80.5942770769807,140.417073386056,94.6142779032389,196.63102722168,125.235900878906,0,49.1513502001762,0,45.9027010427939,0,96.2337730725606,237.77262878418,61.3109070847674,192.766128540039,31.7889807405143,214.60661315918,77.7026055840885,163.330394744873,92.9579209878411,174.3828125,108.48694792248,0,79.6006156467256,0,58.5213540258079,0,14.5926904146943,0,11.4830403965496,115.218299865723,9.41415193467173,179.541468302409,64.2402896881104,215.498458862305,97.8318496526674,165.164352416992
171.774013519287,129.228500978002,138.323708216349,73.5946684611471,194.001499176025,129.832951979204,206.43359375,115.294378057703,0,119.541465018136,130.69938659668,99.3480548535363,149.224622090658,106.080921660078,0,64.8992144167423,0,25.1738859784533,152.128280639648,12.2356660495472,0,58.4913686589992,240.894882202148,30.3052817236817,0,41.8697972855423,182.18620300293,85.128381729126,165.275741577148,72.7647804673185,165.571220397949,92.4537567138672,125.61411523819,85.4545865235505,119.448885368578,80.1092344028556,146.445861816406,49.5195419109651,131.427421569824,17.4195242018654,126.033174133301,39.005628713198,140.173158746017,77.4846787434533,147.678288777669,74.7277363356544,154.909404754639,93.1661153157552,0,122.385108947754,0,129.027462005615,0,51.6246185302734,0,145.427968978882,152.642524719238,118.835284985994,84.4615230934293,70.4078878935646,131.151169753656,80.360302649604,153.728706359863,88.0715774087345,0,119.956060863677,0,105.759120941162,0,57.4794204546058,161.462463378906,109.776693979899,201.101989746094,130.802861531576,141.794647216797,106.131279500326,141.33512878418,106.202007047592,158.008819580078,101.863558632987,0,108.783268601147,168.351867675781,63.715273429438,134.582778930664,31.6698348644818,166.905944824219,18.5192326342477,0,19.0197429873991,137.565414428711,13.0731241641503,0,102.435806274414,173.542913818359,96.3794268653506
118.035672274503,0,36.2997478842735,199.83650970459,147.725536770291,199.166760253906,146.682318369548,0,151.429977416992,0,125.620976039342,0,125.299354095459,0,10.9013681868928,0,8.78094675210572,0,25.3364013702639,0,4.99688106262514,0,10.2096413516036,0,64.3084484100342,0,7.39068399459045,0,18.1988736268503,0,56.8154612647163,239.472518920898,109.035625457764,0,105.185684204102,143.58016204834,89.0488440773704,181.681304931641,67.6899733672271,155.287445068359,85.4957270622253,0,102.44476480953,205.429931640625,94.2168606430737,188.05207824707,89.6512349999469,0,0,0,0,0,96.0536041259766,0,87.8780822753906,0,149.02604675293,0,82.9446031397039,0,105.294254760742,190.46849822998,0,0,53.1829980920862,0,29.7488793456208,0,56.2415024606805,0,108.534085529607,0,19.8632964770528,0,18.3049111497914,185.553787231445,71.0387732432439,188.987533569336,98.1781262803352,0,128.549621582031,217.822647094727,102.06957244873,0,78.0063519477844,194.527542114258,14.903881193101,0,25.9198305591259,0,35.1253198426345,0,0,0,118.833083871695,0
130.050094604492,98.3563510349819,0,35.608482164078,0,153.783824496799,0,146.211531561774,0,195.710736083984,0,146.599531173706,200.37996673584,140.055241671475,0,11.9974860526924,0,8.67250825509671,0,58.4913686589992,0,5.89970286357102,0,14.1115788387837,0,67.7666540263612,0,14.6622204287299,0,27.8119656890201,0,67.2826119074746,204.654037475586,92.1493453979492,179.921981811523,118.428235054016,157.450347900391,91.6808700561523,169.334594726562,77.3353079593543,181.786041259766,90.6513207753499,164.616032918294,108.626770314591,182.713653564453,94.6236484382726,216.684631347656,107.841156482697,0,72.2262772151402,0,0,0,64.6869077682495,0,163.799621582031,0,110.357696533203,141.733083089193,90.8260675430298,159.108605124734,114.203273773193,0,115.814854939779,0,58.7040610106095,0,26.0038414618397,0,49.6542917470463,0,97.154145829221,0,22.419948450551,0,23.9412548110689,0,74.0363355680954,186.82405090332,102.015803214831,0,85.4051666259766,0,108.256894429525,0,78.1352413722447,0,15.1726901993342,0,71.5989973280165,0,63.5909832000732,0,121.20096206665,199.107936859131,118.53921005249
140.040325653859,0,46.708733128139,157.064605712891,127.87380740258,167.484193929036,112.338079358464,163.172039325421,121.015755271912,0,102.903960160806,0,90.8166424538415,167.829478672573,40.5065966321074,0,22.1756101745968,0,23.8660948624251,240.894882202148,10.2096413516036,0,6.92277392661364,151.140350341797,13.1020337173341,163.153984069824,32.3448887010326,212.811782836914,13.5839401235932,199.277681986491,16.7073821193279,158.397102355957,85.085396610486,172.875076293945,85.9332036557405,138.849269443088,58.5867409873427,139.195769309998,36.3109574918453,151.695293426514,44.7188912019805,143.436893463135,69.6462786146704,156.592340946198,56.0808471591267,207.995343017578,79.4604928535328,160.345794677734,164.911732991536,0,126.004011535645,175.158470153809,143.277591705322,0,129.814712524414,157.511589050293,115.73421396528,193.4501953125,75.2997433761666,105.381315612793,82.4595775115184,147.224414702385,106.851906299591,0,77.4504884719849,0,51.7516536893438,0,42.2562734530522,0,93.8307153552359,141.56990814209,46.1208016473496,0,35.4020509052714,0,58.1382063807273,175.438034057617,83.1902181072565,177.250175476074,105.270783089303,0,80.9697851858848,0,55.636667035032,0,19.9670258462536,192.024536132812,63.0412717687673,0,37.8887421238306,138.503295898438,68.3520446777344,0,92.7341159900931,190.137606302897
199.097191704644,126.801019724472,172.697392272949,41.7265663134223,182.390966796875,133.726018282262,176.487854851617,121.118377181555,0,130.316556674331,203.462658691406,116.779231966004,176.309677124023,110.801928144072,235.911117553711,40.508104525383,0,27.3405676503143,195.965797424316,30.3052817236817,0,14.1115788387837,151.140350341797,9.84099965452664,174.213902791341,19.0798745910279,204.819442749023,35.0313765890754,196.292034912109,17.9023565463059,168.991561889648,27.2865903622801,140.200742933485,97.1802086558768,134.159806087099,91.5030429743919,139.799668884277,74.4769850738289,141.957052751021,45.4159843531009,142.852921295166,58.1491262555836,154.458426548884,84.6165614829304,171.609825642904,75.0507763576508,158.072016906738,90.4519898743756,169.801742553711,83.6189396506862,0,154.722813924154,0,100.839347839355,122.86926651001,119.363021850586,165.971817016602,130.573078155518,115.883113066355,82.6054518998947,141.566022041516,95.2858475532782,164.585561312162,101.977533800849,0,74.7812090496684,0,40.8719664004704,141.676559448242,43.0768671183623,184.830085754395,94.0096672356374,0,49.1180267570922,155.70735168457,29.5972078357312,164.267077636719,69.8007330976968,169.229085286458,89.9016346336555,212.541122436523,118.33963394165,0,87.8897088368734,157.060985565186,60.7609648386637,194.260920206706,22.8175183804767,130.964266967773,41.4029609135219,145.892021179199,37.7576023741118,171.763160705566,91.608270517985,180.629662490473,99.3774204218365
141.858947753906,199.875160217285,67.2725492551182,161.154525756836,115.826606676774,161.219103426547,104.579988483261,161.328663126628,119.178706698947,0,105.107948058242,168.552861531576,86.5206594204889,165.00901874743,79.7994502223818,0,62.9696864747165,0,39.9050364519755,0,64.3084484100342,0,13.1020337173341,174.213902791341,6.43577369012122,223.38166809082,70.5384877573446,0,37.1483891719321,170.691474914551,9.60255031547442,138.853790283203,75.3368861419602,136.889617919922,77.0451099395752,133.032953643799,51.8113800403684,142.189414978027,26.003200987454,170.724355061849,18.4004492000356,180.248435974121,39.9358188497211,143.305834452311,13.7848444759618,156.590301513672,67.7502764826236,157.030090332031,0,0,116.987492752075,163.86506652832,0,0,122.370456695557,146.642944335938,120.69568572998,143.694766998291,70.4840650558472,127.074060440063,78.6164391653878,143.917350769043,115.681739807129,0,127.29292678833,0,74.3067598225158,0,51.7948763447423,0,93.0347586545077,0,75.9606772298398,0,47.6693454812641,210.877151489258,25.7718025071024,147.669296264648,54.8971980885097,0,102.540897716175,162.635803222656,87.099946975708,161.182281494141,52.0421088748508,0,54.3939372237617,182.271041870117,64.8268537521362,116.399513244629,52.6217455474698,158.057327270508,0,0,91.3706795733908,0
191.798808047646,129.883118906722,168.154762268066,83.7398640479314,159.973355995034,112.220543763919,164.193709502349,100.460042410164,153.943389892578,120.302153579832,183.929286609996,106.179785133087,158.829887653219,84.3638721705195,0,80.0267580769122,171.528701782227,66.9134414196014,0,41.8697972855423,0,67.7666540263612,163.153984069824,19.0798745910279,223.38166809082,8.31883477083484,0,69.6883282012223,202.997400919596,32.1567615052692,143.543014526367,12.2064999392067,132.888927883572,75.0160482210271,129.72582804362,75.2065745808861,153.11506652832,71.3911934860614,138.56351852417,27.9958060417263,136.67780134413,34.9599395016923,139.415059273703,43.029052970738,147.904882219103,12.8415297641902,127.215956878662,65.4167438853871,0,115.502899169922,147.037802559989,120.293435414632,0,174.733108520508,149.324697875977,153.115180969238,163.234878540039,119.559337615967,100.750098530839,72.003882422548,122.771055802055,82.3698787948965,148.789134216309,121.19478225708,0,106.129916487069,159.102844238281,68.6121443149655,0,42.211694299129,167.019219970703,61.7445906147812,0,80.3956882537357,162.18380355835,42.507330909778,175.852485656738,33.3350339377054,154.801205952962,83.0942797709986,154.284950256348,117.477780255404,142.423553466797,103.284759009062,136.986450195312,66.5700014363164,163.225128173828,64.4609073594559,147.740570068359,81.9020147323608,146.850814819336,64.2444731256236,0,28.9267520904541,153.013114611308,84.4717165629069
129.36483001709,140.728317260742,40.4637595143649,184.692001342773,163.879821523031,211.47875213623,158.242808617486,209.727058410645,133.222526550293,0,156.153208051409,0,137.777192565918,207.207984924316,13.6552332748607,247.229385375977,15.8219130604658,0,33.7130567539822,182.18620300293,7.39068399459045,0,32.3448887010326,204.819442749023,70.5384877573446,0,6.4466924016052,0,15.8943225238406,0,59.3335503722469,0,128.261883611264,0,129.014104207357,134.5380859375,107.02243010203,176.993957519531,102.954291805144,228.376800537109,94.8395307236823,184.766189575195,110.259610703721,181.425760904948,89.2567908083919,190.361699422201,91.2758740134861,202.559020996094,81.2905426025391,0,0,205.379531860352,70.6004009246826,0,83.1775054931641,0,106.989303588867,0,90.1029571419332,0,117.764639823667,168.985069274902,122.741449991862,0,52.5652071911356,0,28.2653032218709,0,55.0245249701328,0,111.432099888834,0,9.9969487591017,0,31.0416450027666,0,67.8866634998681,0,100.015302322924,0,177.55121866862,0,130.309111785889,0,101.970021247864,0,21.7183935999736,200.009857177734,53.10807830409,0,61.5506384476371,153.947875976562,115.415252685547,0,125.443761353099,227.535974121094
0,115.061512332492,190.843170166016,38.7257259274706,154.74885559082,163.385711669922,212.5146484375,154.615546621927,0,143.543101719448,0,142.578796386719,0,140.466338213752,0,12.0113744493035,0,19.1937515311616,190.393280029297,85.128381729126,0,14.6622204287299,212.811782836914,35.0313765890754,0,69.6883282012223,0,6.45762330921908,0,13.8422454251303,0,67.3567944976675,0,113.952540079753,0,135.892211066352,0,148.848492431641,190.818695068359,97.8275419871012,167.962356567383,102.024989220404,181.546573345478,115.916634733959,201.398495992025,98.6496796739902,167.158192952474,122.89927489182,0,89.6813077290853,199.225723266602,177.39421081543,0,59.3704474312919,132.202465057373,67.8137512207031,0,0,127.221965789795,99.2335482227559,167.1194933723,124.473331838414,187.111654663086,116.820068359375,0,56.5698937275371,0,20.8461690030469,0,53.1191082548821,192.570457458496,97.8911789413047,0,11.3682449515036,0,31.4148225274579,192.969741821289,67.8517604470253,199.344775390625,105.847052775638,0,78.0881118774414,0,0,0,72.4256973266602,206.065505981445,20.5713210128074,0,69.6330852508545,0,108.249217987061,0,168.373001098633,202.717718373174,124.022260768439
153.022984526878,0,44.8983152458223,187.475372314453,144.324424696846,188.356245117188,133.5949069315,178.878730773926,146.305917822796,0,124.806337780423,191.890289306641,114.900359376595,182.954847547743,36.0534068897901,239.134353637695,19.5796150949145,0,37.3482755747708,165.275741577148,18.1988736268503,0,13.5839401235932,196.292034912109,37.1483891719321,202.997400919596,15.8943225238406,0,8.46206110291579,202.699406215123,17.4561588134069,180.68115234375,104.47770439764,182.716262817383,106.573528017317,158.95760345459,87.1551058585184,204.420852661133,81.6127024666738,163.371812608507,69.2465066320323,158.344321356879,85.5211147070713,174.215272521973,59.1265447235107,191.948725382487,78.0350057428533,160.581359863281,0,224.040328979492,135.798470633371,176.465179443359,88.9563878377279,0,189.174575805664,185.88655090332,139.506532751996,0,80.0572583879743,134.838827768962,100.363420455182,157.476160321917,118.775476808901,178.069229125977,59.3939553965693,0,33.6768969204262,0,30.7055943881962,0,93.8392374170651,215.420837402344,28.5531130158939,0,19.1815573643395,208.385269165039,32.3156315079735,204.889400482178,75.1607966952854,198.022346496582,118.052024841309,0,125.308159030214,0,104.688528964394,0,25.4371651520112,187.147315979004,97.5765854408001,124.911605834961,89.0593795776367,171.242691040039,107.391237258911,165.763870239258,104.987322845103,198.843702528212
