271183,10778,9271,214,14899,1535,21356,631,19651,756,2274,234,596,91,153,2,12,0,7,4,11,1,39,9,17,19,27,0,43,5,5,3,200,26,73,11,37,5,37,12,40,11,137,8,38,2,1,0,17940,205,266,8,1811,100,9147,2538,7046,1835,865,69,95,13,1,0,46047,228,52,2,40,3,7,0,20,0,23,0,20,0,15,1,1092,123,374,33,41,7,138,0,18,2,51,10,1,0,3,1
10778,273818,473,8234,1453,20101,1423,11893,571,21766,218,2178,90,893,9,379,0,48,2,212,0,70,0,546,6,626,1,90,0,246,0,66,19,594,12,159,2,298,8,555,4,432,19,335,1,115,1,6,460,17513,30,32,112,1564,1824,14880,622,7587,40,889,10,179,1,4,652,37159,2,27,1,53,0,20,1,15,1,31,0,25,2,20,85,2499,37,771,6,364,5,207,0,77,1,373,0,0,2,12
9271,473,42979,40,3891,442,2492,202,3099,47,3047,51,5808,514,2654,1,119,2,324,12,240,0,525,15,181,12,404,1,472,15,76,8,5779,132,3116,92,1454,38,706,42,366,39,3183,138,582,13,176,6,285,2,306,41,221,3,458,107,1109,102,1015,41,920,120,62,3,9078,11,1648,2,233,1,364,6,347,0,205,3,336,6,842,8,3376,15,10539,21,4739,10,999,1,1101,7,1346,11,10,4,1118,12
214,8234,40,35363,216,2517,165,1539,14,3202,35,1403,94,2982,1,3025,0,190,3,380,2,269,1,1870,2,367,1,243,3,358,2,98,76,4038,48,1783,18,1117,19,807,21,566,83,2608,20,538,10,76,9,359,25,61,2,221,46,214,27,530,61,577,86,579,14,47,15,13914,1,163,1,92,9,162,1,84,1,105,5,109,19,346,10,4372,11,8944,9,2913,4,949,6,812,9,1262,3,9,36,398
14899,1453,3891,216,57386,5423,9369,2202,801,209,4205,502,15410,2478,29,5,7,0,88,4,9,0,155,30,207,53,30,1,163,13,63,5,2251,118,1476,89,126,22,151,34,242,41,2007,102,409,22,16,1,128,7,3114,321,114,5,11897,536,10383,588,963,47,586,54,5,1,178,23,30,0,77,3,19,3,21,0,85,3,83,2,119,0,974,109,2967,157,121,8,65,4,44,2,93,9,1,2,106,2
1535,20101,442,2517,5423,48922,3346,10574,164,1661,660,4629,1747,11863,0,38,2,12,5,66,5,9,15,205,37,499,2,22,25,199,7,125,125,1341,60,1586,25,183,25,218,34,357,92,1949,56,276,4,5,17,44,789,4576,3,10,686,13122,588,10814,85,1217,44,1117,1,7,35,198,5,11,11,67,2,16,2,9,11,50,11,70,9,10,112,1324,333,1646,12,106,9,28,4,29,12,81,1,1,14,22
21356,1423,2492,165,9369,3346,82422,1840,4007,294,6446,501,23762,636,86,1,31,0,160,4,18,0,507,18,1046,37,90,1,513,8,260,5,790,50,412,22,418,14,433,15,1039,31,875,38,902,9,9,0,154,6,190,77,43,3,221,314,1683,412,151,40,66,24,0,2,297,8,50,0,43,3,15,3,69,0,234,3,174,2,148,1,661,97,841,77,89,8,165,2,41,2,110,5,1,0,63,0
631,11893,202,1539,2202,10574,1840,38178,93,2379,368,7912,464,13767,2,88,0,37,1,154,0,37,13,878,15,3177,2,82,10,760,7,406,46,505,22,450,12,215,10,732,17,1384,42,1566,12,590,4,6,7,9,230,31,1,1,280,119,200,1188,37,114,17,105,0,1,8,163,2,25,1,27,0,10,0,21,6,168,6,126,4,15,60,565,113,412,7,75,5,82,2,24,5,77,0,0,1,16
19651,571,3099,14,801,164,4007,93,9309,61,12202,28,478,41,16,0,3,0,21,0,1,0,40,0,18,1,3,0,23,1,4,0,240,9,24,0,61,0,42,1,8,2,18,1,9,0,1,0,22,2,35,2,9,2,166,82,424,54,56,8,11,1,0,0,1001,4,5,0,4,1,0,0,2,0,3,1,2,0,1,0,3419,21,1138,3,110,1,24,0,27,1,98,4,0,0,1,0
756,21766,47,3202,209,1661,294,2379,61,15310,52,9106,32,682,0,34,0,15,0,175,0,5,0,201,0,254,0,7,0,65,0,12,12,556,6,99,3,529,0,498,0,392,5,158,3,26,0,0,10,18,7,13,2,0,72,146,42,599,12,56,2,37,0,0,17,4984,0,1,0,4,0,2,1,4,1,9,0,11,1,3,14,8366,5,2201,0,416,1,39,0,42,1,273,0,0,2,5
2274,218,3047,35,4205,660,6446,368,12202,52,28146,121,6438,212,23,1,31,0,205,1,7,0,284,5,218,11,21,0,144,8,56,1,1209,40,147,12,568,3,333,2,92,3,140,8,53,0,1,0,9,1,161,18,5,0,203,57,651,78,162,12,48,8,2,1,192,5,9,0,9,1,1,0,24,0,30,0,15,0,17,0,7937,15,8454,19,657,2,129,1,107,2,495,0,0,0,14,1
234,2178,51,1403,502,4629,501,7912,28,9106,121,13834,128,5427,2,784,0,14,0,118,0,4,0,258,3,527,0,1,1,90,0,32,23,1258,17,256,3,1057,2,937,1,929,17,427,5,52,1,0,4,4,50,30,1,1,69,117,50,581,13,86,11,70,0,1,4,267,0,2,1,5,0,1,0,3,0,14,0,10,2,4,20,5288,22,4068,1,363,3,32,2,27,3,171,0,0,2,4
596,90,5808,94,15410,1747,23762,464,478,32,6438,128,126915,7719,91,2,99,1,801,6,50,2,1241,20,1709,29,125,0,689,12,353,14,41777,798,4834,198,2669,56,1694,34,1562,38,2373,145,863,17,10,1,11,1,8683,387,10,0,205,53,7888,285,5743,95,667,97,7,1,53,3,72,3,47,4,19,4,93,0,196,5,147,5,149,1,540,25,17102,120,1676,17,319,4,233,5,895,9,0,2,78,4
91,893,514,2982,2478,11863,636,13767,41,682,212,5427,7719,105364,4,46,1,21,7,94,0,11,14,393,19,1675,2,34,18,338,9,282,1029,32726,157,5816,37,1964,50,1528,47,1473,253,3081,87,636,3,4,1,3,832,7929,1,0,47,420,1059,8525,729,8194,86,1427,2,1,6,109,2,47,6,7,3,8,3,16,9,112,12,122,25,11,22,980,174,9809,17,387,12,69,15,69,22,128,0,4,9,15
153,9,2654,1,29,0,86,2,16,0,23,2,91,4,89842,1,3644,0,336,0,6988,0,1840,1,177,0,8417,0,2510,0,185,0,39,0,7,1,15,0,51,1,106,2,257,8,210,2,39,0,10,0,5,0,14,1,9,1,12,1,105,1,38,5,1,0,376,0,13543,0,406,0,83,1,16739,1,1754,0,374,0,273,0,3,0,6,2,10,0,6641,0,190,1,85,0,1,0,117,1
2,379,1,3025,5,38,1,88,0,34,1,784,2,46,1,77854,0,6857,0,128,0,9975,0,3923,0,277,1,11406,1,3414,0,258,0,18,4,16,0,6,0,67,7,111,31,510,5,277,4,52,1,76,0,1,0,45,0,8,0,2,10,91,32,71,5,9,1,1136,0,7077,0,269,4,205,0,9474,1,3786,1,325,5,302,0,128,1,74,0,8,0,5602,2,31,0,50,0,6,10,133
12,0,119,0,7,2,31,0,3,0,31,0,99,1,3644,0,6222,0,3383,0,2194,0,1219,0,57,1,409,0,877,0,11,0,21,1,24,7,42,1,274,0,124,3,291,11,81,2,22,0,1,0,1,0,1,0,0,0,1,0,60,1,50,7,3,0,9,0,201,0,42,1,32,2,714,0,385,0,43,1,86,0,5,0,524,0,29,0,14291,0,4479,1,4154,1,2,0,94,2
0,48,2,190,0,12,0,37,0,15,0,14,1,21,0,6857,0,6648,0,3420,0,1724,0,1597,0,80,0,343,0,336,0,29,3,14,2,46,1,20,0,195,3,121,13,472,1,95,3,17,0,3,0,0,0,1,1,0,1,1,7,82,12,69,0,5,0,68,0,88,0,16,0,40,0,55,0,174,1,44,5,64,0,2,0,271,1,40,1,17794,1,1204,1,2522,0,2,8,72
7,2,324,3,88,5,160,1,21,0,205,0,801,7,336,0,3383,0,20552,1,434,0,2674,2,750,0,176,1,242,2,34,2,224,6,105,21,402,3,9190,10,2361,5,1405,23,210,1,22,1,1,0,9,0,0,0,2,0,10,0,284,7,294,28,15,1,2,0,16,0,74,0,48,1,41,1,145,1,34,4,142,1,21,0,210,0,232,0,3181,0,3231,1,17659,3,4,1,258,1
4,212,12,380,4,66,4,154,0,175,1,118,6,94,0,128,0,3420,1,21905,0,47,1,4386,0,825,3,26,1,194,2,45,16,108,66,321,4,274,12,8241,15,1969,57,2100,3,229,4,15,0,1,0,2,0,1,0,4,5,19,51,544,41,405,2,17,0,63,0,7,0,23,1,24,1,6,1,30,1,62,6,28,0,67,2,194,4,836,1,4744,0,1637,5,11392,0,2,5,105
11,0,240,2,9,5,18,0,1,0,7,0,50,0,6988,0,2194,0,434,0,15274,0,9514,0,40,0,7957,0,3375,0,18,1,6,0,4,2,11,1,37,1,48,0,122,2,67,1,23,0,0,0,0,0,1,0,1,0,1,0,44,0,25,2,0,0,27,0,241,0,38,0,41,0,601,0,652,1,52,1,87,0,1,1,7,0,16,1,3335,0,153,0,87,0,0,0,65,0
1,70,0,269,0,9,0,37,0,5,0,4,2,11,0,9975,0,1724,0,47,0,11002,0,10784,0,81,0,1682,0,1388,0,63,1,1,1,8,1,1,1,33,1,48,6,181,2,79,1,16,0,14,0,0,0,4,0,1,0,3,6,40,11,30,0,3,0,184,0,742,0,61,0,47,0,367,0,1006,0,86,1,78,0,1,0,3,0,7,0,1037,0,9,0,20,0,2,4,50
39,0,525,1,155,15,507,13,40,0,284,0,1241,14,1840,0,1219,0,2674,1,9514,0,38262,1,10449,2,2007,1,13134,6,1733,2,287,2,92,18,456,8,2398,10,2262,12,2199,48,906,5,114,3,3,0,10,2,2,0,1,2,28,1,221,5,234,31,32,0,20,0,211,0,208,0,217,2,514,0,436,0,245,1,521,2,37,0,242,0,229,0,2789,1,58,0,307,1,5,0,617,6
9,546,15,1870,30,205,18,878,0,201,5,258,20,393,1,3923,0,1597,2,4386,0,10784,1,41376,3,9209,1,2088,5,11629,1,1079,9,123,29,238,10,129,22,2368,20,3006,78,3475,15,1000,10,113,1,19,0,3,0,7,2,8,2,26,48,513,78,457,13,29,0,430,0,471,2,258,8,243,0,322,1,1517,5,289,21,521,2,61,0,123,4,240,3,3036,5,189,3,901,2,15,41,533
17,6,181,2,207,37,1046,15,18,0,218,3,1709,19,177,0,57,0,750,0,40,0,10449,3,20418,1,251,0,2300,2,5111,4,401,4,80,10,645,2,3052,3,10198,2,3137,12,6288,4,23,1,0,0,20,2,0,0,2,1,25,4,160,4,70,11,4,0,4,0,81,0,93,0,44,0,184,0,326,1,531,2,175,0,11,1,70,1,45,0,338,1,36,1,98,1,0,0,115,0
19,626,12,367,53,499,37,3177,1,254,11,527,29,1675,0,277,1,80,0,825,0,81,2,9209,1,19692,0,213,3,3955,1,7019,9,272,30,176,1,119,6,3473,9,9694,57,7307,18,8801,10,33,0,1,7,6,0,1,5,2,4,52,41,331,69,257,5,6,0,58,1,86,0,114,5,66,0,63,4,623,2,562,15,97,2,44,2,67,1,46,1,172,3,20,2,92,0,1,24,105
27,1,404,1,30,2,90,2,3,0,21,0,125,2,8417,1,409,0,176,3,7957,0,2007,1,251,0,9082,0,6443,0,271,0,23,0,12,1,24,1,31,1,138,2,291,18,277,3,46,2,2,0,0,1,6,0,2,0,3,0,67,0,31,8,3,0,92,0,1020,0,183,0,89,0,6883,0,1069,0,424,0,313,0,3,0,10,0,8,0,887,1,19,0,23,1,2,0,109,5
0,90,1,243,1,22,1,82,0,7,0,1,0,34,0,11406,0,343,1,26,0,1682,1,2088,0,213,0,11641,0,12826,0,231,0,3,0,9,0,5,1,30,1,62,13,372,6,253,3,29,0,15,1,1,0,7,2,1,0,0,2,49,17,69,5,5,0,183,0,2108,0,174,3,113,0,2113,0,1160,1,320,5,213,0,3,0,0,0,1,1,430,0,4,0,6,0,1,23,93
43,0,472,3,163,25,513,10,23,0,144,1,689,18,2510,1,877,0,242,1,3375,0,13134,5,2300,3,6443,0,37607,7,8676,3,161,3,56,14,114,1,236,9,906,9,1525,50,1950,9,165,1,0,1,7,2,3,0,1,2,23,0,245,6,122,28,27,3,23,0,1267,0,1420,0,318,1,2496,0,8820,2,5306,4,1152,2,6,0,49,0,19,0,1268,2,29,1,26,2,4,1,429,9
5,246,15,358,13,199,8,760,1,65,8,90,12,338,0,3414,0,336,2,194,0,1388,6,11629,2,3955,0,12826,7,38486,0,8487,2,51,19,105,2,32,13,318,20,835,90,2770,33,1906,25,119,0,22,3,2,0,3,0,4,1,15,31,322,134,417,23,34,0,177,1,2765,3,1692,19,460,0,1126,4,10889,10,3684,38,754,0,7,1,15,2,16,4,517,1,9,2,41,2,13,79,417
5,0,76,2,63,7,260,7,4,0,56,0,353,9,185,0,11,0,34,2,18,0,1733,1,5111,1,271,0,8676,0,5988,2,64,2,39,4,50,1,86,1,492,1,742,14,2606,2,54,0,0,0,4,2,0,0,0,0,3,3,89,3,41,13,5,0,1,0,162,0,262,0,87,0,195,0,3017,0,4339,0,625,0,0,1,10,0,1,1,78,1,5,0,8,0,0,0,115,3
3,66,8,98,5,125,5,406,0,12,1,32,14,282,0,258,0,29,2,45,1,63,2,1079,4,7019,0,231,3,8487,2,13439,6,18,11,60,4,8,6,62,11,145,118,2635,38,5999,28,84,0,1,1,2,0,1,0,2,1,8,45,227,121,411,23,23,0,19,1,85,4,319,16,291,0,72,4,1602,5,5834,51,616,0,3,2,3,0,6,5,81,4,6,2,7,6,7,118,190
200,19,5779,76,2251,125,790,46,240,12,1209,23,41777,1029,39,0,21,3,224,16,6,1,287,9,401,9,23,0,161,2,64,6,95649,1276,13189,321,12501,175,1779,84,660,26,820,85,266,3,1,1,1,0,2885,37,3,0,112,3,490,29,5823,107,2573,171,1,0,27,3,29,0,12,3,3,2,20,0,62,1,54,2,29,1,314,5,18463,29,2605,42,96,3,233,10,519,34,0,0,22,1
26,594,132,4038,118,1341,50,505,9,556,40,1258,798,32726,0,18,1,14,6,108,0,1,2,123,4,272,0,3,3,51,2,18,1276,78761,206,14587,135,10010,74,2279,29,499,79,1001,10,76,2,1,0,0,55,974,0,3,11,91,61,548,562,4585,120,1612,1,4,1,153,1,24,3,5,1,4,2,2,2,11,2,16,5,4,10,638,71,11064,69,2309,5,67,12,196,16,389,2,0,8,10
73,12,3116,48,1476,60,412,22,24,6,147,17,4834,157,7,4,24,2,105,66,4,1,92,29,80,30,12,0,56,19,39,11,13189,206,29053,457,2699,104,5182,255,3248,161,12340,293,271,17,5,0,4,0,435,6,1,0,48,4,156,7,2306,149,2254,471,5,2,7,3,8,3,13,4,3,2,4,1,27,5,34,9,36,6,45,3,453,8,629,37,89,19,743,27,782,60,0,0,27,6
11,159,92,1783,89,1586,22,450,0,99,12,256,198,5816,1,16,7,46,21,321,2,8,18,238,10,176,1,9,14,105,4,60,321,14587,457,23058,147,4571,218,6108,136,3860,507,10831,30,111,17,0,1,2,20,610,0,1,3,69,22,339,351,2318,505,2367,9,4,1,22,0,22,1,15,12,5,3,1,5,22,17,35,24,10,3,47,25,318,43,637,20,140,62,493,71,720,2,4,38,11
37,2,1454,18,126,25,418,12,61,3,568,3,2669,37,15,0,42,1,402,4,11,1,456,10,645,1,24,0,114,2,50,4,12501,135,2699,147,16111,57,18277,67,1184,14,730,48,97,1,5,0,0,0,9,3,0,0,2,2,29,3,1198,39,375,79,1,1,5,0,5,0,5,2,0,1,18,0,29,2,12,1,11,0,84,1,3660,4,8437,10,102,3,203,11,1054,19,1,0,13,2
5,298,38,1117,22,183,14,215,0,529,3,1057,56,1964,0,6,1,20,3,274,1,1,8,129,2,119,1,5,1,32,1,8,175,10010,104,4571,57,11485,48,11191,18,982,60,630,6,29,3,2,1,0,3,10,0,3,4,6,1,55,105,501,73,251,0,1,0,72,0,1,0,1,2,2,1,1,2,5,3,3,4,2,1,568,13,4894,10,4160,2,51,10,117,19,765,2,1,5,3
37,8,706,19,151,25,433,10,42,0,333,2,1694,50,51,0,274,0,9190,12,37,1,2398,22,3052,6,31,1,236,13,86,6,1779,74,5182,218,18277,48,31538,92,16134,32,2698,123,293,5,8,1,0,0,12,3,0,0,2,0,38,7,1761,55,633,162,0,1,3,1,8,1,16,1,5,2,20,0,52,3,39,6,28,3,58,1,747,4,1313,7,317,11,365,13,2764,19,0,0,37,5
12,555,42,807,34,218,15,732,1,498,2,937,34,1528,1,67,0,195,10,8241,1,33,10,2368,3,3473,1,30,9,318,1,62,84,2279,255,6108,67,11191,92,21517,50,13136,166,2269,8,167,4,2,1,2,8,6,0,0,3,10,7,36,161,1383,156,785,2,10,1,120,0,11,1,13,1,10,1,4,3,29,6,26,13,10,0,244,5,1059,14,5184,14,353,22,247,33,3615,0,1,14,37
40,4,366,21,242,34,1039,17,8,0,92,1,1562,47,106,7,124,3,2361,15,48,1,2262,20,10198,9,138,1,906,20,492,11,660,29,3248,136,1184,18,16134,50,42711,47,27905,131,2332,17,14,1,7,0,8,4,2,0,3,5,53,3,1247,42,358,162,3,0,2,0,62,0,40,1,26,0,100,1,285,4,256,12,153,0,3,1,50,3,70,5,309,12,212,5,734,12,1,1,30,7
11,432,39,566,41,357,31,1384,2,392,3,929,38,1473,2,111,3,121,5,1969,0,48,12,3006,2,9694,2,62,9,835,1,145,26,499,161,3860,14,982,32,13136,47,28737,276,11562,27,959,20,2,0,1,6,13,0,0,6,6,9,48,175,1454,145,689,4,7,0,47,1,14,6,14,8,11,3,22,6,75,9,46,33,19,2,110,2,332,8,346,22,291,17,100,20,398,2,2,48,23
137,19,3183,83,2007,92,875,42,18,5,140,17,2373,253,257,31,291,13,1405,57,122,6,2199,78,3137,57,291,13,1525,90,742,118,820,79,12340,507,730,60,2698,166,27905,276,113148,1639,25465,313,2176,144,7,0,336,33,2,1,60,5,294,24,4775,267,7789,1372,2298,134,13,7,202,9,519,24,585,168,233,3,1019,55,1584,132,4691,139,13,5,160,10,355,20,1576,40,1942,31,1813,49,256,71,14068,427
8,335,138,2608,102,1949,38,1566,1,158,8,427,145,3081,8,510,11,472,23,2100,2,181,48,3475,12,7307,18,372,50,2770,14,2635,85,1001,293,10831,48,630,123,2269,131,11562,1639,95294,375,25487,456,2784,1,7,20,211,0,2,5,30,23,249,794,4482,1598,9155,497,4856,0,87,9,176,64,454,188,2971,8,104,47,1439,68,5062,450,4024,2,54,9,165,23,274,74,1388,44,1025,43,1269,116,1897,1442,14853
38,1,582,20,409,56,902,12,9,3,53,5,863,87,210,5,81,1,210,3,67,2,906,15,6288,18,277,6,1950,33,2606,38,266,10,271,30,97,6,293,8,2332,27,25465,375,37159,81,747,39,6,0,14,5,1,0,8,4,66,10,738,57,331,225,192,26,4,0,152,1,206,3,925,35,213,4,1166,19,2552,33,12186,38,4,1,12,0,5,0,501,6,121,4,100,3,18,13,13163,105
2,115,13,538,22,276,9,590,0,26,0,52,17,636,2,277,2,95,1,229,1,79,5,1000,4,8801,3,253,9,1906,2,5999,3,76,17,111,1,29,5,167,17,959,313,25487,81,45747,111,351,0,4,3,6,0,2,3,1,4,26,117,615,244,721,124,115,0,48,2,79,8,147,47,519,1,88,12,1391,14,7392,106,7264,0,11,1,15,1,8,12,307,10,38,15,69,14,51,341,6509
1,1,176,10,16,4,9,4,1,0,1,1,10,3,39,4,22,3,22,4,23,1,114,10,23,10,46,3,165,25,54,28,1,2,5,17,5,3,8,4,14,20,2176,456,747,111,17963,213,0,0,5,0,0,0,1,0,3,2,565,63,7873,319,14685,691,1,3,65,1,405,19,27313,175,36,0,129,14,244,41,5933,63,0,0,1,0,0,0,124,2,25,1,19,0,6767,898,8469,185
0,6,6,76,1,5,0,6,0,0,0,0,1,4,0,52,0,17,1,15,0,16,3,113,1,33,2,29,1,119,0,84,1,1,0,0,0,2,1,2,1,2,144,2784,39,351,213,10087,0,0,0,2,0,0,0,1,0,2,64,194,125,5400,96,10705,0,8,0,14,21,73,485,23446,1,11,1,49,3,335,40,5132,0,0,0,0,0,0,3,40,1,5,1,6,315,5202,217,7100
17940,460,285,9,128,17,154,7,22,10,9,4,11,1,10,1,1,0,1,0,0,0,3,1,0,0,2,0,0,0,0,0,1,0,4,1,0,1,0,1,7,0,7,1,6,0,0,0,9670,138,3,0,4280,181,2994,504,1072,330,115,9,2,0,0,0,5847,24,4,0,3,1,0,0,2,0,2,0,1,0,1,0,3,3,0,1,0,0,9,0,1,0,0,0,0,0,0,0
205,17513,2,359,7,44,6,9,2,18,1,4,1,3,0,76,0,3,0,1,0,14,0,19,0,1,0,15,1,22,0,1,0,0,0,2,0,0,0,2,0,1,0,7,0,4,0,0,138,11810,0,0,117,4450,140,5325,52,421,2,50,0,4,0,0,39,3231,0,4,0,5,0,2,0,2,0,8,0,1,0,1,1,3,0,3,0,1,0,23,0,0,0,3,0,0,0,1
266,30,306,25,3114,789,190,230,35,7,161,50,8683,832,5,0,1,0,9,0,0,0,10,0,20,7,0,1,7,3,4,1,2885,55,435,20,9,3,12,8,8,6,336,20,14,3,5,0,3,0,11724,98,3,0,1770,20,6690,76,584,5,356,7,5,2,6,0,4,0,28,1,4,0,2,0,4,0,5,0,8,0,22,11,213,20,13,1,8,0,5,2,12,1,4,0,12,1
8,32,41,61,321,4576,77,31,2,13,18,30,387,7929,0,1,0,0,0,2,0,0,2,3,2,6,1,1,2,2,2,2,37,974,6,610,3,10,3,6,4,13,33,211,5,6,0,2,0,0,98,7334,0,1,3,1366,79,5608,26,1049,4,731,0,2,0,2,0,1,0,1,0,3,0,1,2,2,3,4,2,1,2,21,21,70,1,3,0,4,0,4,3,0,0,0,0,2
1811,112,221,2,114,3,43,1,9,2,5,1,10,1,14,0,1,0,0,0,1,0,2,0,0,0,6,0,3,0,0,0,3,0,1,0,0,0,0,0,2,0,2,0,1,0,0,0,4280,117,3,0,7630,260,2560,256,2844,241,197,5,5,0,1,0,5897,5,65,0,15,0,0,0,11,0,5,0,1,0,1,0,2,0,3,0,0,0,9,0,0,0,0,0,0,0,0,0
100,1564,3,221,5,10,3,1,2,0,0,1,0,0,1,45,0,1,0,1,0,4,0,7,0,1,0,7,0,3,0,1,0,3,0,1,0,3,0,0,0,0,1,2,0,2,0,0,181,4450,0,1,260,9661,151,1547,120,2771,3,94,1,10,0,0,61,5244,2,23,0,10,0,1,0,0,0,4,0,1,0,3,0,0,1,0,0,0,0,7,0,0,0,0,0,0,0,3
9147,1824,458,46,11897,686,221,280,166,72,203,69,205,47,9,0,0,1,2,0,1,0,1,2,2,5,2,2,1,0,0,0,112,11,48,3,2,4,2,3,3,6,60,5,8,3,1,0,2994,140,1770,3,2560,151,22690,955,24443,636,809,19,66,9,2,0,1414,59,6,0,32,1,10,1,1,1,3,1,1,0,2,1,77,13,77,7,3,0,9,1,3,0,3,0,0,0,1,1
2538,14880,107,214,536,13122,314,119,82,146,57,117,53,420,1,8,0,0,0,4,0,1,2,8,1,2,0,1,2,4,0,2,3,91,4,69,2,6,0,10,5,6,5,30,4,1,0,1,504,5325,20,1366,256,1547,955,32034,387,15198,16,1147,5,208,1,0,237,569,2,3,1,51,1,12,0,0,2,0,1,3,0,1,14,81,14,40,1,5,0,2,0,0,1,4,0,0,1,0
7046,622,1109,27,10383,588,1683,200,424,42,651,50,7888,1059,12,0,1,1,10,5,1,0,28,2,25,4,3,0,23,1,3,1,490,61,156,22,29,1,38,7,53,9,294,23,66,4,3,0,1072,52,6690,79,2844,120,24443,387,11439,299,4068,29,208,16,1,1,1034,22,11,0,56,0,10,5,3,0,13,0,9,1,28,1,253,16,379,17,20,2,15,0,17,0,13,2,3,0,29,2
1835,7587,102,530,588,10814,412,1188,54,599,78,581,285,8525,1,2,0,1,0,19,0,3,1,26,4,52,0,0,0,15,3,8,29,548,7,339,3,55,7,36,3,48,24,249,10,26,2,2,330,421,76,5608,241,2771,636,15198,299,22687,29,5415,9,852,1,2,174,426,0,10,0,165,0,30,1,0,4,13,2,6,0,1,26,286,25,335,1,23,0,9,1,11,2,20,1,0,0,2
865,40,1015,61,963,85,151,37,56,12,162,13,5743,729,105,10,60,7,284,51,44,6,221,48,160,41,67,2,245,31,89,45,5823,562,2306,351,1198,105,1761,161,1247,175,4775,794,738,117,565,64,115,2,584,26,197,3,809,16,4068,29,22086,463,27536,1056,408,64,107,5,403,8,2116,34,2906,95,101,2,242,22,198,51,677,45,38,4,396,33,575,29,231,17,601,23,481,43,112,28,1208,164
69,889,41,577,47,1217,40,114,8,56,12,86,95,8194,1,91,1,82,7,544,0,40,5,513,4,331,0,49,6,322,3,227,107,4585,149,2318,39,501,55,1383,42,1454,267,4482,57,615,63,194,9,50,5,1049,5,94,19,1147,29,5415,463,23874,376,31271,85,182,3,46,7,187,45,2786,36,2012,1,12,5,133,0,285,36,238,1,28,11,106,10,285,8,202,12,318,20,461,29,113,163,538
95,10,920,86,586,44,66,17,11,2,48,11,667,86,38,32,50,12,294,41,25,11,234,78,70,69,31,17,122,134,41,121,2573,120,2254,505,375,73,633,156,358,145,7789,1598,331,244,7873,125,2,0,356,4,5,1,66,5,208,9,27536,376,59594,1261,3183,148,3,2,120,6,1001,29,1034,174,26,3,100,68,84,122,363,144,7,3,86,4,187,22,312,45,717,35,645,51,913,57,675,394
13,179,120,579,54,1117,24,105,1,37,8,70,97,1427,5,71,7,69,28,405,2,30,31,457,11,257,8,69,28,417,13,411,171,1612,471,2367,79,251,162,785,162,689,1372,9155,225,721,319,5400,0,4,7,731,0,10,9,208,16,852,1056,31271,1261,64392,388,4809,0,19,8,49,97,862,103,5029,13,23,31,195,44,503,286,408,0,11,8,61,22,165,45,250,55,344,64,394,127,1443,892,1089
1,1,62,14,5,1,0,0,0,0,2,0,7,2,1,5,3,0,15,2,0,0,32,13,4,5,3,5,27,23,5,23,1,1,5,9,1,0,0,2,3,4,2298,497,192,124,14685,96,0,0,5,0,1,0,2,1,1,1,408,85,3183,388,9979,570,0,0,17,3,139,12,1158,125,4,1,27,12,33,54,530,80,0,0,1,0,0,0,45,7,21,0,15,6,2461,93,6044,234
0,4,3,47,1,7,2,1,0,0,1,1,1,1,0,9,0,5,1,17,0,3,0,29,0,6,0,5,3,34,0,23,0,4,2,4,1,1,1,10,0,7,134,4856,26,115,691,10705,0,0,2,2,0,0,0,0,1,2,64,182,148,4809,570,11871,0,3,1,10,14,54,78,3694,1,0,2,17,1,122,43,449,0,0,0,0,0,4,1,23,2,6,2,7,565,2335,373,6701
46047,652,9078,15,178,35,297,8,1001,17,192,4,53,6,376,1,9,0,2,0,27,0,20,0,4,0,92,0,23,0,1,0,27,1,7,1,5,0,3,1,2,0,13,0,4,0,1,0,5847,39,6,0,5897,61,1414,237,1034,174,107,3,3,0,0,0,67316,17,183,0,9,1,2,0,86,0,14,0,7,0,6,0,82,5,51,1,10,0,219,1,0,0,8,0,0,0,2,0
228,37159,11,13914,23,198,8,163,4,4984,5,267,3,109,0,1136,0,68,0,63,0,184,0,430,0,58,0,183,0,177,0,19,3,153,3,22,0,72,1,120,0,47,7,87,0,48,3,8,24,3231,0,2,5,5244,59,569,22,426,5,46,2,19,0,3,17,49302,0,73,0,18,0,33,0,45,0,33,0,35,0,40,1,2412,2,353,0,143,1,399,0,19,0,146,0,0,1,17
52,2,1648,1,30,5,50,2,5,0,9,0,72,2,13543,0,201,0,16,0,241,0,211,0,81,1,1020,0,1267,1,162,1,29,1,8,0,5,0,8,0,62,1,202,9,152,2,65,0,4,0,4,0,65,2,6,2,11,0,403,7,120,8,17,1,183,0,31948,1,11103,1,297,3,6565,1,14682,0,379,4,183,1,2,0,8,0,1,1,833,0,11,0,9,0,8,2,90,3
2,27,2,163,0,11,0,25,0,1,0,2,3,47,0,7077,0,88,0,7,0,742,0,471,0,86,0,2108,0,2765,0,85,0,24,3,22,0,1,1,11,0,14,9,176,1,79,1,14,0,4,0,1,0,23,0,3,0,10,8,187,6,49,3,10,0,73,1,26564,1,8569,3,269,0,2921,1,14993,0,188,3,66,0,1,0,5,0,0,0,142,0,0,0,5,0,2,4,37
40,1,233,1,77,11,43,1,4,0,9,1,47,6,406,0,42,0,74,0,38,0,208,2,93,0,183,0,1420,3,262,4,12,3,13,1,5,0,16,1,40,6,519,64,206,8,405,21,3,0,28,0,15,0,32,1,56,0,2116,45,1001,97,139,14,9,0,11103,1,21340,21,9077,21,323,0,8825,0,982,3,805,11,0,1,3,1,1,0,189,0,41,0,38,1,94,9,200,33
3,53,1,92,3,67,3,27,1,4,1,5,4,7,0,269,1,16,0,23,0,61,0,258,0,114,0,174,0,1692,0,319,3,5,4,15,2,1,1,13,1,14,24,454,3,147,19,73,1,5,1,1,0,10,1,51,0,165,34,2786,29,862,12,54,1,18,1,8569,21,19588,9,5489,0,138,1,4241,2,653,3,209,0,0,0,2,0,1,2,43,0,15,0,13,6,13,33,109
7,0,364,9,19,2,15,0,0,0,1,0,19,3,83,4,32,0,48,1,41,0,217,8,44,5,89,3,318,19,87,16,3,1,3,12,0,2,5,1,26,8,585,188,925,47,27313,485,0,0,4,0,0,0,10,1,10,0,2906,36,1034,103,1158,78,2,0,297,3,9077,9,52824,1702,92,2,486,7,821,34,15861,125,0,0,0,0,0,0,303,3,19,2,17,1,1493,377,10431,171
0,20,6,162,3,16,3,10,0,2,0,1,4,8,1,205,2,40,1,24,0,47,2,243,0,66,0,113,1,460,0,291,2,4,2,5,1,2,2,10,0,11,168,2971,35,519,175,23446,0,2,0,3,0,1,1,12,5,30,95,2012,174,5029,125,3694,0,33,3,269,21,5489,1702,39786,1,62,1,386,4,3223,49,16617,0,0,0,1,0,1,1,91,4,9,2,13,78,1183,406,6766
20,1,347,1,21,2,69,0,2,1,24,0,93,3,16739,0,714,0,41,1,601,0,514,0,184,0,6883,0,2496,0,195,0,20,2,4,3,18,1,20,1,100,3,233,8,213,1,36,1,2,0,2,0,11,0,1,0,3,1,101,1,26,13,4,1,86,0,6565,0,323,0,92,1,9328,0,3783,1,462,0,298,0,3,0,7,0,2,0,953,0,19,0,7,0,1,1,85,2
0,15,0,84,0,9,0,21,0,4,0,3,0,16,1,9474,0,55,1,6,0,367,0,322,0,63,0,2113,0,1126,0,72,0,2,1,1,0,1,0,4,1,22,3,104,4,88,0,11,0,2,0,1,0,0,1,0,0,0,2,12,3,23,1,0,0,45,1,2921,0,138,2,62,0,3240,0,3078,0,130,1,59,0,1,0,0,0,0,0,75,0,0,0,2,0,0,2,19
23,1,205,1,85,11,234,6,3,1,30,0,196,9,1754,1,385,0,145,1,652,0,436,1,326,4,1069,0,8820,4,3017,4,62,2,27,5,29,2,52,3,285,6,1019,47,1166,12,129,1,2,0,4,2,5,0,3,2,13,4,242,5,100,31,27,2,14,0,14682,1,8825,1,486,1,3783,0,24431,0,10099,2,1987,6,6,0,5,0,1,1,718,1,21,1,12,0,7,0,263,12
0,31,3,105,3,50,3,168,1,9,0,14,5,112,0,3786,0,174,1,30,1,1006,0,1517,1,623,0,1160,2,10889,0,1602,1,11,5,22,2,5,3,29,4,75,55,1439,19,1391,14,49,0,8,0,2,0,4,1,0,0,13,22,133,68,195,12,17,0,33,0,14993,0,4241,7,386,1,3078,0,27514,1,9508,18,672,0,0,0,1,0,3,1,80,0,8,0,12,2,4,63,233
20,0,336,5,83,11,174,6,2,0,15,0,147,12,374,1,43,1,34,1,52,0,245,5,531,2,424,1,5306,10,4339,5,54,2,34,17,12,3,39,6,256,9,1584,68,2552,14,244,3,1,0,5,3,1,0,1,1,9,2,198,0,84,44,33,1,7,0,379,0,982,2,821,4,462,0,10099,1,20460,7,8579,4,2,0,2,1,0,0,335,1,23,2,14,3,3,1,408,19
0,25,6,109,2,70,2,126,0,11,0,10,5,122,0,325,1,44,4,62,1,86,1,289,2,562,0,320,4,3684,0,5834,2,16,9,35,1,3,6,26,12,46,132,5062,33,7392,41,335,0,1,0,4,0,1,0,3,1,6,51,285,122,503,54,122,0,35,4,188,3,653,34,3223,0,130,2,9508,7,21113,53,7853,0,2,0,6,1,9,3,94,0,6,2,20,11,44,149,1104
15,2,842,19,119,9,148,4,1,1,17,2,149,25,273,5,86,5,142,6,87,1,521,21,175,15,313,5,1152,38,625,51,29,5,36,24,11,4,28,13,153,33,4691,450,12186,106,5933,40,1,0,8,2,1,0,2,0,28,0,677,36,363,286,530,43,6,0,183,3,805,3,15861,49,298,1,1987,18,8579,53,26600,61,2,2,3,0,0,1,753,6,80,3,45,3,67,35,10303,173
1,20,8,346,0,10,1,15,0,3,0,4,1,11,0,302,0,64,1,28,0,78,2,521,0,97,0,213,2,754,0,616,1,4,6,10,0,2,3,10,0,19,139,4024,38,7264,63,5132,0,1,0,1,0,3,1,1,1,1,45,238,144,408,80,449,0,40,1,66,11,209,125,16617,0,59,6,672,4,7853,61,17800,0,0,0,2,0,0,2,181,4,7,1,9,25,165,194,11146
1092,85,3376,10,974,112,661,60,3419,14,7937,20,540,22,3,0,5,0,21,0,1,0,37,2,11,2,3,0,6,0,0,0,314,10,45,3,84,1,58,0,3,2,13,2,4,0,0,0,3,1,22,2,2,0,77,14,253,26,38,1,7,0,0,0,82,1,2,0,0,0,0,0,3,0,6,0,2,0,2,0,5572,3,4868,3,141,0,22,0,40,0,159,0,0,0,2,0
123,2499,15,4372,109,1324,97,565,21,8366,15,5288,25,980,0,128,0,2,0,67,1,1,0,61,1,44,0,3,0,7,1,3,5,638,3,47,1,568,1,244,1,110,5,54,1,11,0,0,3,3,11,21,0,0,13,81,16,286,4,28,3,11,0,0,5,2412,0,1,1,0,0,0,0,1,0,0,0,2,2,0,3,4258,7,5086,0,357,0,20,1,21,0,162,0,1,0,0
374,37,10539,11,2967,333,841,113,1138,5,8454,22,17102,174,6,1,524,0,210,2,7,0,242,0,70,2,10,0,49,1,10,2,18463,71,453,25,3660,13,747,5,50,2,160,9,12,1,1,0,0,0,213,21,3,1,77,14,379,25,396,11,86,8,1,0,51,2,8,0,3,0,0,0,7,0,5,0,2,0,3,0,4868,7,23107,4,6679,4,262,1,535,1,1905,3,0,0,2,0
33,771,21,8944,157,1646,77,412,3,2201,19,4068,120,9809,2,74,0,271,0,194,0,3,0,123,1,67,0,0,0,15,0,3,29,11064,8,318,4,4894,4,1059,3,332,10,165,0,15,0,0,1,3,20,70,0,0,7,40,17,335,33,106,4,61,0,0,1,353,0,5,1,2,0,1,0,0,0,1,1,6,0,2,3,5086,4,23776,3,6478,0,229,0,311,3,1619,0,0,2,5
41,6,4739,9,121,12,89,7,110,0,657,1,1676,17,10,0,29,1,232,4,16,0,229,4,45,1,8,0,19,2,1,0,2605,69,629,43,8437,10,1313,14,70,8,355,23,5,1,0,0,0,0,13,1,0,0,3,1,20,1,575,10,187,22,0,0,10,0,1,0,1,0,0,0,2,0,1,0,0,1,0,0,141,0,6679,3,7140,5,95,2,442,5,2415,4,0,0,3,1
7,364,10,2913,8,106,8,75,1,416,2,363,17,387,0,8,0,40,0,836,1,7,0,240,0,46,0,1,0,16,1,6,42,2309,37,637,10,4160,7,5184,5,346,20,274,0,8,0,0,0,1,1,3,0,0,0,5,2,23,29,285,22,165,0,4,0,143,1,0,0,1,0,1,0,0,1,3,0,9,1,0,0,357,4,6478,5,7304,2,113,5,313,1,3436,0,1,1,1
138,5,999,4,65,9,165,5,24,1,129,3,319,12,6641,0,14291,1,3181,1,3335,0,2789,3,338,1,887,1,1268,4,78,5,96,5,89,20,102,2,317,14,309,22,1576,74,501,12,124,3,9,0,8,0,9,0,9,0,15,0,231,8,312,45,45,1,219,1,833,0,189,2,303,1,953,0,718,1,335,3,753,2,22,0,262,0,95,2,5912,2,2584,0,1008,3,9,1,659,15
0,207,1,949,4,28,2,82,0,39,1,32,4,69,0,5602,0,17794,0,4744,0,1037,1,3036,1,172,1,430,2,517,1,81,3,67,19,140,3,51,11,353,12,291,40,1388,6,307,2,40,0,23,0,4,0,7,1,2,0,9,17,202,45,250,7,23,1,399,0,142,0,43,3,91,0,75,1,80,1,94,6,181,0,20,1,229,2,113,2,3231,3,1870,1,2258,3,9,11,197
18,0,1101,6,44,4,41,2,27,0,107,2,233,15,190,2,4479,1,3231,0,153,0,58,5,36,3,19,0,29,1,5,4,233,12,743,62,203,10,365,22,212,17,1942,44,121,10,25,1,1,0,5,0,0,0,3,0,17,1,601,12,717,55,21,2,0,0,11,0,41,0,19,4,19,0,21,0,23,0,80,4,40,1,535,0,442,5,2584,3,6319,0,2203,7,2,0,167,8
2,77,7,812,2,29,2,24,1,42,2,27,5,69,1,31,1,1204,1,1637,0,9,0,189,1,20,0,4,1,9,0,6,10,196,27,493,11,117,13,247,5,100,31,1025,4,38,1,5,0,0,2,4,0,0,0,0,0,11,23,318,35,344,0,6,0,19,0,0,0,15,2,9,0,0,1,8,2,6,3,7,0,21,1,311,5,313,0,1870,0,4889,1,3808,0,1,8,13
51,1,1346,9,93,12,110,5,98,1,495,3,895,22,85,0,4154,1,17659,5,87,0,307,3,98,2,23,0,26,2,8,2,519,16,782,71,1054,19,2764,33,734,20,1813,43,100,15,19,1,0,0,12,3,0,0,3,1,13,2,481,20,645,64,15,2,8,0,9,0,38,0,17,2,7,0,12,0,14,2,45,1,159,0,1905,3,2415,1,1008,1,2203,1,8700,11,0,0,70,4
10,373,11,1262,9,81,5,77,4,273,0,171,9,128,0,50,1,2522,3,11392,0,20,1,901,1,92,1,6,2,41,0,7,34,389,60,720,19,765,19,3615,12,398,49,1269,3,69,0,6,0,3,1,0,0,0,0,4,2,20,43,461,51,394,6,7,0,146,0,5,1,13,1,13,0,2,0,12,3,20,3,9,0,162,3,1619,4,3436,3,2258,7,3808,11,7989,1,0,10,32
1,0,10,3,1,1,1,0,0,0,0,0,0,0,1,0,2,0,4,0,0,0,5,2,0,0,2,0,4,2,0,6,0,2,0,2,1,2,0,0,1,2,256,116,18,14,6767,315,0,0,4,0,0,0,0,0,3,1,112,29,913,127,2461,565,0,0,8,0,94,6,1493,78,1,0,7,2,3,11,67,25,0,0,0,0,0,0,9,3,2,0,0,1,593,198,932,113
0,0,4,9,2,1,0,0,0,0,0,0,2,4,0,6,0,2,1,2,0,2,0,15,0,1,0,1,1,13,0,7,0,0,0,4,0,1,0,1,1,2,71,1897,13,51,898,5202,0,0,0,0,0,0,0,0,0,0,28,113,57,1443,93,2335,0,0,2,2,9,13,377,1183,1,0,0,4,1,44,35,165,0,1,0,0,0,1,1,9,0,1,0,0,198,821,168,1424
3,2,1118,36,106,14,63,1,1,2,14,2,78,9,117,10,94,8,258,5,65,4,617,41,115,24,109,23,429,79,115,118,22,8,27,38,13,5,37,14,30,48,14068,1442,13163,341,8469,217,0,0,12,0,0,0,1,1,29,0,1208,163,675,892,6044,373,2,1,90,4,200,33,10431,406,85,2,263,63,408,149,10303,194,2,0,2,2,3,1,659,11,167,8,70,10,932,168,58853,678
1,12,12,398,2,22,0,16,0,5,1,4,4,15,1,133,2,72,1,105,0,50,6,533,0,105,5,93,9,417,3,190,1,10,6,11,2,3,5,37,7,23,427,14853,105,6509,185,7100,0,1,1,2,0,3,1,0,2,2,164,538,394,1089,234,6701,0,17,3,37,33,109,171,6766,2,19,12,233,19,1104,173,11146,0,0,0,5,1,1,15,197,8,13,4,32,113,1424,678,35085
