124986,10992,8697,65,15887,1215,20221,497,10549,290,4296,134,1455,59,3039,3,193,0,394,0,484,1,1830,2,1385,6,444,0,946,1,316,0,512,19,186,13,101,0,419,13,279,13,1188,25,735,0,5,0,5349,646,608,17,2597,338,7212,2854,6983,799,1632,33,708,19,29,2,27665,152,199,0,25,1,15,1,303,1,213,0,61,0,50,0,1266,87,508,28,472,9,502,4,213,0,678,4,2,5,234,2
10992,228865,111,5870,2247,14806,519,28818,221,16625,93,4375,43,4741,34,771,1,92,4,145,6,172,20,686,6,1018,1,98,9,159,1,136,20,869,7,1326,0,183,1,860,2,1218,23,4341,7,234,1,5,250,4924,112,146,270,2208,1894,4401,362,5576,67,509,56,437,2,78,365,38354,0,30,1,25,0,14,5,60,2,25,0,63,2,5,31,2379,12,1086,2,381,4,311,0,80,2,201,0,5,3,127
8697,111,26061,8,5262,98,4913,75,1455,3,1386,7,4956,33,2799,0,269,2,338,0,476,0,1135,10,563,6,253,0,357,1,105,3,6292,15,2104,35,927,4,591,7,318,9,3072,36,731,2,17,1,44,0,652,30,106,4,188,43,167,21,189,14,495,80,65,9,8891,2,386,0,19,1,29,0,190,0,86,0,80,0,146,0,2178,1,7765,5,3301,2,718,5,685,3,1186,5,3,5,763,13
65,5870,8,31611,74,2082,30,1523,3,1845,3,979,15,4037,1,3847,1,366,2,387,1,412,2,1072,8,593,0,235,3,209,1,67,31,4375,40,1509,5,1012,4,1068,16,549,57,1629,6,173,1,3,2,11,17,173,1,32,20,159,2,147,54,143,117,554,6,60,3,15281,0,138,0,13,0,10,0,178,1,90,2,37,0,16,1,3396,1,10812,2,4692,1,1831,1,1127,6,1443,0,3,6,210
15887,2247,5262,74,45142,2186,15153,2046,1436,103,8061,250,12198,989,143,1,36,0,84,3,39,0,358,10,361,19,32,1,105,3,43,2,1770,97,899,55,91,2,152,13,138,7,898,125,139,6,1,1,187,13,7853,811,76,7,10762,901,8187,487,1394,38,1567,98,22,11,379,21,49,0,40,2,6,2,10,0,16,0,13,2,12,0,1548,36,1610,74,203,10,64,3,41,1,170,8,1,9,47,10
1215,14806,98,2082,2186,23413,1223,9045,60,2021,214,4129,702,9341,5,77,1,9,6,36,0,8,7,73,38,138,0,1,5,28,5,14,85,2408,54,750,6,93,7,290,7,243,95,649,20,39,1,0,7,41,1089,4634,14,51,802,7837,213,5200,53,799,172,1204,2,58,18,433,1,8,0,38,2,13,0,3,1,4,5,7,3,2,37,1224,38,2007,3,197,4,31,4,43,5,86,0,3,7,40
20221,519,4913,30,15153,1223,59047,1220,3746,29,13542,143,14350,407,297,3,116,1,186,3,101,1,1015,11,3362,13,97,0,861,0,487,0,2758,31,1322,54,141,5,522,20,1203,12,4739,77,1972,1,11,1,43,3,469,273,30,1,145,317,527,181,131,16,325,77,39,5,376,13,24,0,7,0,17,0,58,0,282,0,91,1,56,0,728,25,1021,37,181,5,174,4,118,3,279,3,2,1,211,3
497,28818,75,1523,2046,9045,1220,39381,40,1960,182,8678,308,15414,3,70,1,15,3,63,1,15,14,218,34,566,1,8,7,92,3,120,81,1894,29,2520,2,134,2,485,6,628,86,5037,29,238,1,12,1,6,739,110,3,6,483,477,96,1093,30,123,126,343,3,104,8,303,0,8,2,12,2,9,1,6,4,15,3,67,2,14,24,643,32,1278,4,108,6,49,1,42,8,79,0,9,13,217
10549,221,1455,3,1436,60,3746,40,14018,6,4978,8,334,3,172,1,70,0,126,0,54,0,401,0,195,0,31,0,106,0,19,0,125,3,28,1,41,0,150,1,55,0,92,4,53,0,1,0,1,0,137,4,3,2,123,32,66,21,14,0,42,2,2,0,1677,2,12,0,2,0,0,0,18,0,16,0,4,0,1,0,3672,3,270,2,222,0,97,0,69,0,358,0,0,1,22,0
290,16625,3,1845,103,2021,29,1960,6,8150,6,6183,4,770,0,42,0,6,0,22,1,4,0,70,0,125,0,9,0,8,0,9,2,170,3,163,0,87,1,279,0,229,1,392,0,11,0,0,1,4,6,44,1,4,46,378,7,283,1,24,4,55,0,6,3,2628,0,0,0,1,0,0,0,1,0,0,0,8,0,1,1,3291,0,677,0,148,0,40,0,19,1,49,0,0,0,10
4296,93,1386,3,8061,214,13542,182,4978,6,10637,21,6823,30,242,0,196,0,456,0,101,0,1359,1,1948,0,76,0,521,1,213,0,929,10,370,7,397,2,805,6,632,2,1063,12,484,0,1,0,2,0,872,17,4,0,311,44,174,32,80,1,311,18,15,1,290,0,12,0,8,0,5,0,44,0,107,0,20,0,14,0,2336,2,2240,6,716,1,162,1,127,0,664,1,0,0,62,0
134,4375,7,979,250,4129,143,8678,8,6183,21,10952,11,8977,0,155,0,9,0,49,0,3,0,101,3,314,0,6,0,43,0,50,11,1193,3,811,0,342,0,647,1,479,12,1605,0,64,0,2,0,4,36,189,0,1,68,499,18,337,9,60,17,144,1,10,0,491,0,4,0,2,0,3,0,4,0,12,0,25,0,0,5,3340,1,3478,0,226,0,28,0,33,0,61,0,2,0,48
1455,43,4956,15,12198,702,14350,308,334,4,6823,11,74513,2013,104,0,89,1,204,2,43,1,637,5,1475,11,32,0,221,0,106,5,35337,711,4224,83,1299,22,1029,12,1102,5,2411,55,459,1,3,2,5,0,9749,722,11,0,647,33,8154,174,3764,272,1751,101,24,6,176,1,46,0,26,0,6,0,13,0,62,0,23,0,9,0,552,0,5500,14,874,13,87,1,93,3,373,3,2,2,62,6
59,4741,33,4037,989,9341,407,15414,3,770,30,8977,2013,84321,0,50,0,19,3,92,1,10,3,181,13,281,0,7,3,49,3,58,248,35239,65,4550,19,1251,4,960,7,543,93,3510,8,113,2,4,0,2,709,8402,0,8,69,264,266,3400,171,4542,216,1279,3,64,3,576,1,39,0,24,0,7,1,6,2,11,3,32,1,4,7,748,14,10664,9,713,1,62,2,163,0,203,0,3,7,99
3039,34,2799,1,143,5,297,3,172,0,242,0,104,0,65465,0,3605,0,994,0,4000,0,2804,3,741,2,6574,0,4326,0,466,3,39,2,51,9,26,0,179,1,194,1,923,16,787,0,12,0,70,1,12,0,164,3,45,9,75,6,88,0,104,26,32,0,2570,0,14510,0,235,0,65,0,12415,0,1801,0,219,1,179,0,72,1,52,0,68,1,6208,1,163,0,454,3,3,1,518,3
3,771,0,3847,1,77,3,70,1,42,0,155,0,50,0,65132,0,8817,0,604,0,12026,1,4175,1,262,0,5732,0,1378,0,157,5,30,2,44,0,11,0,53,1,44,4,179,2,88,0,0,0,7,0,6,0,46,1,11,0,7,3,22,12,26,0,8,0,3189,0,14185,0,190,1,6,0,8168,1,1159,0,18,0,6,0,85,0,89,0,21,0,6039,0,44,0,78,0,0,0,45
193,1,269,1,36,1,116,1,70,0,196,0,89,0,3605,0,4027,0,5617,0,885,0,1430,0,251,0,288,0,194,1,21,0,35,0,79,9,42,1,508,2,183,0,959,19,187,0,1,0,0,0,7,0,1,0,4,1,2,0,47,3,103,24,14,1,49,0,7,0,6,0,11,0,30,0,49,0,25,0,34,0,19,0,201,0,205,0,3262,0,2104,0,2505,1,0,0,208,0
0,92,2,366,0,9,1,15,0,6,0,9,1,19,0,8817,0,6372,0,6827,0,1354,0,2885,0,208,1,295,1,129,0,24,6,18,3,57,1,4,0,247,0,59,10,220,1,48,0,0,0,1,0,4,0,1,0,2,0,1,11,22,15,65,0,10,0,186,0,57,0,2,1,2,0,126,0,14,0,9,0,2,0,2,0,159,0,38,0,19524,0,1641,1,1502,0,0,0,51
394,4,338,2,84,6,186,3,126,0,456,0,204,3,994,0,5617,0,15684,0,341,0,4493,4,1650,2,54,0,72,0,14,0,68,0,133,20,133,0,6387,1,1028,0,1203,17,145,0,4,0,1,0,14,0,1,0,7,1,8,1,71,4,167,23,17,3,54,0,3,0,2,0,3,0,3,0,11,0,20,0,21,0,40,0,163,0,532,0,1426,4,899,0,9098,1,0,0,107,0
0,145,0,387,3,36,3,63,0,22,0,49,2,92,0,604,0,6827,0,23678,0,114,1,6930,0,1887,0,53,2,79,0,59,35,115,24,308,1,60,3,6833,9,1071,43,1057,4,141,0,0,0,0,0,9,0,1,0,1,0,4,50,85,54,320,3,33,1,70,0,11,0,17,0,3,0,26,0,19,0,35,0,9,0,13,0,190,1,456,0,9006,5,2951,1,16614,0,1,4,146
484,6,476,1,39,0,101,1,54,1,101,0,43,1,4000,0,885,0,341,0,7700,0,6193,1,296,1,2184,0,1132,0,61,1,9,1,17,3,14,0,97,1,98,1,331,2,162,0,4,0,6,0,6,0,5,0,2,5,8,3,14,1,42,8,10,3,209,0,78,0,6,0,10,0,254,0,205,0,15,1,31,0,34,0,23,0,30,0,774,0,24,1,84,0,0,0,149,0
1,172,0,412,0,8,1,15,0,4,0,3,1,10,0,12026,0,1354,0,114,0,20795,1,15794,0,317,0,5687,0,1669,0,154,0,12,0,11,0,1,0,53,0,44,10,142,0,84,0,0,0,1,0,2,0,2,0,2,0,1,2,13,5,25,0,5,0,394,0,417,0,16,0,4,0,1797,0,606,0,14,0,9,0,6,0,4,0,5,0,722,0,28,0,48,0,0,2,31
1830,20,1135,2,358,7,1015,14,401,0,1359,0,637,3,2804,1,1430,0,4493,1,6193,1,43942,6,13091,2,1639,0,9382,0,323,2,217,3,162,22,259,1,3557,3,2906,2,3515,17,898,1,10,0,1,1,44,2,6,0,22,12,23,0,134,8,259,44,40,4,411,1,60,0,18,0,23,0,312,0,523,0,86,1,106,0,109,0,267,0,596,0,934,1,99,2,713,2,1,4,691,2
2,686,10,1072,10,73,11,218,0,70,1,101,5,181,3,4175,0,2885,4,6930,1,15794,6,78808,7,14181,1,2999,8,16378,4,3292,44,148,30,465,11,88,5,2921,27,1815,130,3293,19,1233,2,4,0,2,4,24,0,4,1,8,1,17,80,212,193,540,5,96,1,691,0,303,0,74,0,18,1,1210,2,644,2,167,2,60,0,36,2,153,1,471,4,3879,4,572,2,1676,0,6,12,697
1385,6,563,8,361,38,3362,34,195,0,1948,3,1475,13,741,1,251,0,1650,0,296,0,13091,7,21633,5,344,1,4481,1,4951,1,432,2,182,22,258,0,4120,5,6874,4,10096,30,8242,2,10,0,4,0,74,6,9,0,5,3,28,4,88,12,202,56,19,6,140,0,25,0,9,0,25,0,217,1,654,1,204,1,115,0,46,0,222,0,268,2,244,3,54,5,202,2,1,1,398,4
6,1018,6,593,19,138,13,566,0,125,0,314,11,281,2,262,0,208,2,1887,1,317,2,14181,5,42582,0,281,4,4915,2,4190,41,145,39,347,7,107,2,7963,14,13309,160,9457,15,8547,4,6,0,1,11,60,0,1,5,21,4,20,71,243,179,445,12,109,0,174,0,37,0,16,0,18,1,146,2,169,5,275,2,35,0,56,2,211,2,551,6,526,3,149,2,1007,0,3,18,712
444,1,253,0,32,0,97,1,31,0,76,0,32,0,6574,0,288,1,54,0,2184,0,1639,1,344,0,2847,0,5691,0,261,0,9,0,9,1,5,0,34,0,77,1,307,4,293,0,1,0,7,0,7,0,18,0,3,0,7,0,19,0,26,4,9,0,248,0,168,0,22,0,26,0,2933,0,1486,0,90,1,74,0,17,0,9,0,6,0,305,0,8,0,14,0,0,0,154,0
0,98,0,235,1,1,0,8,0,9,0,6,0,7,0,5732,0,295,0,53,0,5687,0,2999,1,281,0,16462,0,3893,0,260,1,4,1,7,0,0,0,31,0,29,8,108,0,111,0,0,0,2,0,1,0,7,0,0,0,1,1,10,6,12,0,5,0,312,0,578,0,17,0,1,0,5966,0,671,0,37,0,8,0,2,0,3,0,1,0,234,0,11,0,16,0,0,0,31
946,9,357,3,105,5,861,7,106,0,521,0,221,3,4326,0,194,1,72,2,1132,0,9382,8,4481,4,5691,0,38771,3,11807,2,68,4,47,12,39,0,191,4,392,3,1610,21,2209,0,16,1,8,0,19,2,11,0,11,1,14,1,76,7,157,33,31,10,270,0,476,0,90,0,69,0,2187,0,9946,0,769,0,283,0,26,0,45,1,32,0,192,5,13,1,43,2,1,5,677,9
1,159,1,209,3,28,0,92,0,8,1,43,0,49,0,1378,1,129,0,79,0,1669,0,16378,1,4915,0,3893,3,27827,0,23255,8,8,9,44,1,5,1,76,5,222,37,1516,6,1749,3,3,0,1,0,9,0,5,1,1,0,6,17,56,65,99,2,41,0,122,0,439,0,145,0,52,0,1338,0,3513,0,1712,1,74,0,7,0,12,2,8,1,157,0,25,2,32,1,0,5,362
316,1,105,1,43,5,487,3,19,0,213,0,106,3,466,0,21,0,14,0,61,0,323,4,4951,2,261,0,11807,0,17066,1,31,3,19,5,10,0,23,0,106,1,1110,27,5739,2,33,0,5,1,9,0,5,0,0,0,5,1,38,8,96,34,33,7,57,0,32,0,27,0,91,0,298,0,3489,0,3477,2,1388,0,8,0,7,1,1,0,56,2,6,1,11,1,0,5,435,3
0,136,3,67,2,14,0,120,0,9,0,50,5,58,3,157,0,24,0,59,1,154,2,3292,1,4190,0,260,2,23255,1,24695,6,12,3,33,1,4,1,37,2,153,50,2548,9,9605,0,3,0,0,1,2,0,0,1,2,0,2,11,81,65,108,14,75,0,20,0,39,0,32,0,250,0,184,2,1659,1,6749,2,690,0,2,0,5,0,3,3,74,0,23,2,26,2,1,12,790
512,20,6292,31,1770,85,2758,81,125,2,929,11,35337,248,39,5,35,6,68,35,9,0,217,44,432,41,9,1,68,8,31,6,66327,967,6098,300,8540,128,1062,167,764,35,1573,121,219,12,0,0,3,0,1230,66,3,0,233,19,844,25,3163,87,2360,339,9,8,106,1,20,0,24,1,1,1,10,0,16,1,8,0,3,0,193,3,7625,36,2781,111,42,20,97,42,199,40,0,0,12,7
19,869,15,4375,97,2408,31,1894,3,170,10,1193,711,35239,2,30,0,18,0,115,1,12,3,148,2,145,0,4,4,8,3,12,967,61958,183,9252,75,10846,11,1578,6,150,108,840,9,14,0,1,0,0,47,1802,0,1,13,75,21,358,525,2908,445,2994,11,21,1,129,0,27,0,15,1,3,0,1,1,2,2,3,2,0,2,167,21,9852,40,3247,2,68,4,384,5,401,1,1,6,30
186,7,2104,40,899,54,1322,29,28,3,370,3,4224,65,51,2,79,3,133,24,17,0,162,30,182,39,9,1,47,9,19,3,6098,183,20227,226,6134,40,3781,110,3867,49,12598,123,134,9,3,0,1,0,155,30,3,0,37,5,113,6,582,25,1835,381,15,11,23,2,4,0,11,0,3,1,4,1,20,0,15,2,4,0,53,1,715,8,1039,33,71,20,323,29,519,20,0,1,32,14
13,1326,35,1509,55,750,54,2520,1,163,7,811,83,4550,9,44,9,57,20,308,3,11,22,465,22,347,1,7,12,44,5,33,300,9252,226,29042,64,2258,39,10810,76,2263,363,7992,39,81,5,6,0,1,26,163,0,3,16,54,7,113,450,380,755,1971,24,94,2,98,0,14,6,21,4,10,2,5,3,4,4,22,6,3,1,93,9,846,32,672,10,207,22,796,26,719,2,4,33,104
101,0,927,5,91,6,141,2,41,0,397,0,1299,19,26,0,42,1,133,1,14,0,259,11,258,7,5,0,39,1,10,1,8540,75,6134,64,10248,6,4084,15,617,7,1266,21,30,1,1,0,1,0,15,2,0,0,2,1,2,1,164,3,331,60,5,1,25,0,2,0,7,0,0,0,3,0,6,0,5,0,2,0,79,0,2376,0,5360,3,26,1,71,5,457,5,0,1,8,3
0,183,4,1012,2,93,5,134,0,87,2,342,22,1251,0,11,1,4,0,60,0,1,1,88,0,107,0,0,0,5,0,4,128,10846,40,2258,6,12023,2,5555,0,251,19,436,5,14,0,0,0,0,3,26,0,1,0,16,0,15,92,64,68,256,0,6,0,62,0,7,0,5,0,2,0,0,0,1,0,5,0,1,0,67,0,3326,3,6303,0,29,0,145,1,195,0,1,1,7
419,1,591,4,152,7,522,2,150,1,805,0,1029,4,179,0,508,0,6387,3,97,0,3557,5,4120,2,34,0,191,1,23,1,1062,11,3781,39,4084,2,17824,5,9491,1,2670,18,108,0,3,0,1,0,31,3,1,0,2,0,6,0,149,7,369,52,17,4,32,0,2,0,6,0,1,1,19,0,19,0,9,0,4,0,65,0,817,3,3041,4,314,2,235,3,2852,3,0,1,31,1
13,860,7,1068,13,290,20,485,1,279,6,647,12,960,1,53,2,247,1,6833,1,53,3,2921,5,7963,0,31,4,76,0,37,167,1578,110,10810,15,5555,5,19475,10,8987,96,2952,8,72,0,0,0,0,9,44,0,1,8,16,2,30,211,156,163,616,5,26,0,286,0,2,0,1,1,1,0,14,1,5,0,7,0,2,0,153,0,1818,4,4794,0,570,3,599,2,10166,0,3,2,42
279,2,318,16,138,7,1203,6,55,0,632,1,1102,7,194,1,183,0,1028,9,98,0,2906,27,6874,14,77,0,392,5,106,2,764,6,3867,76,617,0,9491,10,19106,5,12670,61,345,4,1,0,0,0,31,1,1,0,2,0,6,4,238,14,242,117,7,5,23,2,2,0,0,0,0,0,38,0,41,0,2,0,2,0,22,0,246,1,212,0,184,10,151,8,448,10,0,0,32,1
13,1218,9,549,7,243,12,628,0,229,2,479,5,543,1,44,0,59,0,1071,1,44,2,1815,4,13309,1,29,3,222,1,153,35,150,49,2263,7,251,1,8987,5,38581,69,18086,3,1759,0,1,0,0,6,35,0,0,3,17,1,25,117,131,97,457,4,26,0,246,0,6,0,1,0,1,0,15,2,8,2,37,1,1,0,79,0,428,0,432,1,275,2,134,1,955,0,1,2,60
1188,23,3072,57,898,95,4739,86,92,1,1063,12,2411,93,923,4,959,10,1203,43,331,10,3515,130,10096,160,307,8,1610,37,1110,50,1573,108,12598,363,1266,19,2670,96,12670,69,125809,871,34182,100,393,21,15,0,218,42,10,1,71,21,178,18,2517,225,9572,1532,4206,318,120,4,36,6,202,10,625,23,204,2,1292,8,2384,42,2230,16,62,0,362,7,396,29,1208,55,1827,49,1572,46,120,239,16260,261
25,4341,36,1629,125,649,77,5037,4,392,12,1605,55,3510,16,179,19,220,17,1057,2,142,17,3293,30,9457,4,108,21,1516,27,2548,121,840,123,7992,21,436,18,2952,61,18086,871,96702,167,22025,27,70,0,3,37,128,0,4,28,52,10,133,333,1584,1231,10922,147,3718,2,240,3,39,3,162,12,437,3,58,25,497,37,3299,30,793,0,147,8,388,12,216,12,1010,13,850,12,903,8,127,268,13719
735,7,731,6,139,20,1972,29,53,0,484,0,459,8,787,2,187,1,145,4,162,0,898,19,8242,15,293,0,2209,6,5739,9,219,9,134,39,30,5,108,8,345,3,34182,167,41420,15,513,8,6,0,26,10,6,0,5,4,21,8,350,31,708,234,787,45,103,0,55,0,101,4,1116,2,266,1,3467,0,5913,8,8753,3,17,1,42,1,16,0,345,5,121,4,92,7,20,38,12617,45
0,234,2,173,6,39,1,238,0,11,0,64,1,113,0,88,0,48,0,141,0,84,1,1233,2,8547,0,111,0,1749,2,9605,12,14,9,81,1,14,0,72,4,1759,100,22025,15,57462,4,128,0,0,3,15,0,2,1,0,2,3,27,147,127,365,24,887,0,37,0,14,0,23,1,1513,1,84,1,1125,4,7674,2,10608,0,15,0,13,0,10,2,230,1,71,0,66,0,96,41,15698
5,1,17,1,1,1,11,1,1,0,1,0,3,2,12,0,1,0,4,0,4,0,10,2,10,4,1,0,16,3,33,0,0,0,3,5,1,0,3,0,1,0,393,27,513,4,19329,450,0,0,2,0,0,0,2,0,5,1,442,18,5325,71,10011,50,2,0,11,0,150,3,17506,81,5,0,37,0,110,2,694,2,0,0,0,0,1,0,8,1,2,0,3,2,6538,91,12023,90
0,5,1,3,1,0,1,12,0,0,0,2,2,4,0,0,0,0,0,0,0,0,0,4,0,6,0,0,1,3,0,3,0,1,0,6,0,0,0,0,0,1,21,70,8,128,450,20082,0,0,0,0,0,0,0,0,2,0,8,67,29,3070,13,7520,0,0,0,2,0,11,0,12261,0,0,1,0,3,81,0,1061,0,0,0,1,0,1,0,0,0,1,0,2,114,5179,27,8252
5349,250,44,2,187,7,43,1,1,1,2,0,5,0,70,0,0,0,1,0,6,0,1,0,4,0,7,0,8,0,5,0,3,0,1,0,1,0,1,0,0,0,15,0,6,0,0,0,6403,192,7,0,5573,125,1880,61,1261,23,237,1,33,0,1,0,911,8,7,0,0,1,0,0,8,1,3,0,0,0,0,0,0,0,2,0,1,0,4,0,0,0,1,0,0,0,1,0
646,4924,0,11,13,41,3,6,0,4,0,4,0,2,1,7,0,1,0,0,0,1,1,2,0,1,0,2,0,1,1,0,0,0,0,1,0,0,0,0,0,0,0,3,0,0,0,0,192,6476,0,1,29,6622,40,2292,16,768,1,100,0,6,0,0,53,374,0,2,0,2,0,0,0,0,0,0,0,0,0,0,0,1,0,0,0,1,0,2,0,0,0,0,0,0,0,0
608,112,652,17,7853,1089,469,739,137,6,872,36,9749,709,12,0,7,0,14,0,6,0,44,4,74,11,7,0,19,0,9,1,1230,47,155,26,15,3,31,9,31,6,218,37,26,3,2,0,7,0,10786,544,6,0,5311,116,8641,213,1129,14,2285,37,25,3,31,2,11,2,11,0,2,1,1,0,4,0,2,0,3,0,132,3,311,10,44,3,7,1,6,0,21,1,4,8,20,6
17,146,30,173,811,4634,273,110,4,44,17,189,722,8402,0,6,0,4,0,9,0,2,2,24,6,60,0,1,2,9,0,2,66,1802,30,163,2,26,3,44,1,35,42,128,10,15,0,0,0,1,544,14861,0,2,59,1571,103,9206,28,1578,67,982,1,15,1,12,0,5,0,4,0,0,0,1,0,0,0,2,1,0,6,29,6,225,0,37,0,10,0,8,1,14,0,3,3,10
2597,270,106,1,76,14,30,3,3,1,4,0,11,0,164,0,1,0,1,0,5,0,6,0,9,0,18,0,11,0,5,0,3,0,3,0,0,0,1,0,1,0,10,0,6,0,0,0,5573,29,6,0,19777,41,2219,100,3540,45,634,1,98,3,1,0,5102,6,44,0,3,0,1,0,22,0,5,0,0,0,2,0,1,0,0,1,1,1,4,0,0,0,1,0,0,1,1,0
338,2208,4,32,7,51,1,6,2,4,0,1,0,8,3,46,0,1,0,1,0,2,0,4,0,1,0,7,0,5,0,0,0,1,0,3,0,1,0,1,0,0,1,4,0,2,0,0,125,6622,0,2,41,15428,51,2465,12,4714,2,473,3,47,0,1,23,5605,0,41,0,9,0,1,0,8,0,0,0,0,0,0,1,0,0,2,0,1,0,1,0,1,0,0,0,2,1,0
7212,1894,188,20,10762,802,145,483,123,46,311,68,647,69,45,1,4,0,7,0,2,0,22,1,5,5,3,0,11,1,0,1,233,13,37,16,2,0,2,8,2,3,71,28,5,1,2,0,1880,40,5311,59,2219,51,25690,475,22792,324,2488,13,1111,23,8,4,375,14,8,0,19,1,0,1,3,0,2,0,0,1,0,0,97,25,32,11,5,2,8,1,1,0,9,0,0,13,6,6
2854,4401,43,159,901,7837,317,477,32,378,44,499,33,264,9,11,1,2,1,1,5,2,12,8,3,21,0,0,1,1,0,2,19,75,5,54,1,16,0,16,0,17,21,52,4,0,0,0,61,2292,116,1571,100,2465,475,22497,117,14549,25,1461,33,731,1,17,91,180,1,8,0,45,0,15,1,0,2,2,0,0,0,0,6,229,1,145,2,19,1,5,0,4,4,10,0,0,3,2
6983,362,167,2,8187,213,527,96,66,7,174,18,8154,266,75,0,2,0,8,0,8,0,23,1,28,4,7,0,14,0,5,0,844,21,113,7,2,0,6,2,6,1,178,10,21,2,5,2,1261,16,8641,103,3540,12,22792,117,12310,107,5698,19,3142,28,26,8,650,3,15,0,46,2,7,2,5,0,6,0,1,0,2,0,41,4,32,7,9,1,7,1,5,0,13,0,3,12,13,6
799,5576,21,147,487,5200,181,1093,21,283,32,337,174,3400,6,7,0,1,1,4,3,1,0,17,4,20,0,1,1,6,1,2,25,358,6,113,1,15,0,30,4,25,18,133,8,3,1,0,23,768,213,9206,45,4714,324,14549,107,19917,24,6726,55,1689,3,39,15,124,1,2,0,47,1,16,1,1,0,0,1,2,1,0,8,134,2,122,0,16,2,7,1,11,1,9,0,3,2,6
1632,67,189,54,1394,53,131,30,14,1,80,9,3764,171,88,3,47,11,71,50,14,2,134,80,88,71,19,1,76,17,38,11,3163,525,582,450,164,92,149,211,238,117,2517,333,350,27,442,8,237,1,1129,28,634,2,2488,25,5698,24,26646,256,37662,1379,929,94,211,3,585,3,2457,18,1637,13,16,1,46,1,72,8,79,3,16,1,52,20,94,113,74,29,87,59,89,56,212,129,794,75
33,509,14,143,38,799,16,123,0,24,1,60,272,4542,0,22,3,22,4,85,1,13,8,212,12,243,0,10,7,56,8,81,87,2908,25,380,3,64,7,156,14,131,225,1584,31,147,18,67,1,100,14,1578,1,473,13,1461,19,6726,256,22173,507,26349,79,802,2,28,1,380,3,1854,9,2118,0,12,5,26,7,125,3,28,1,22,2,43,3,119,0,80,7,101,6,107,13,546,103,420
708,56,495,117,1567,172,325,126,42,4,311,17,1751,216,104,12,103,15,167,54,42,5,259,193,202,179,26,6,157,65,96,65,2360,445,1835,755,331,68,369,163,242,97,9572,1231,708,127,5325,29,33,0,2285,67,98,3,1111,33,3142,55,37662,507,84493,2290,10455,402,50,10,149,3,1455,39,4001,30,28,1,96,11,200,57,185,16,49,3,133,22,251,68,129,94,247,106,245,97,3602,484,2598,369
19,437,80,554,98,1204,77,343,2,55,18,144,101,1279,26,26,24,65,23,320,8,25,44,540,56,445,4,12,33,99,34,108,339,2994,381,1971,60,256,52,616,117,457,1532,10922,234,365,71,3070,0,6,37,982,3,47,23,731,28,1689,1379,26349,2290,78585,301,11192,4,35,2,133,4,1063,33,3155,4,8,35,33,44,167,44,90,1,29,16,145,23,259,21,202,35,438,39,408,41,2824,482,1641
29,2,65,6,22,2,39,3,2,0,15,1,24,3,32,0,14,0,17,3,10,0,40,5,19,12,9,0,31,2,33,14,9,11,15,24,5,0,17,5,7,4,4206,147,787,24,10011,13,1,0,25,1,1,0,8,1,26,3,929,79,10455,301,21796,460,6,0,8,1,135,11,1704,8,5,0,84,1,252,9,406,4,3,0,12,0,8,0,35,4,29,2,18,1,5312,167,13973,147
2,78,9,60,11,58,5,104,0,6,1,10,6,64,0,8,1,10,3,33,3,5,4,96,6,109,0,5,10,41,7,75,8,21,11,94,1,6,4,26,5,26,318,3718,45,887,50,7520,0,0,3,15,0,1,4,17,8,39,94,802,402,11192,460,21632,0,6,0,8,2,62,15,1635,1,1,7,28,17,252,8,229,0,3,0,6,0,13,6,54,2,39,5,36,40,3944,190,7843
27665,365,8891,3,379,18,376,8,1677,3,290,0,176,3,2570,0,49,0,54,1,209,0,411,1,140,0,248,0,270,0,57,0,106,1,23,2,25,0,32,0,23,0,120,2,103,0,2,0,911,53,31,1,5102,23,375,91,650,15,211,2,50,4,6,0,35036,3,248,0,6,0,3,0,313,0,67,0,14,0,13,0,1119,2,232,0,120,0,211,0,56,0,156,0,0,1,64,0
152,38354,2,15281,21,433,13,303,2,2628,0,491,1,576,0,3189,0,186,0,70,0,394,1,691,0,174,0,312,0,122,0,20,1,129,2,98,0,62,0,286,2,246,4,240,0,37,0,0,8,374,2,12,6,5605,14,180,3,124,3,28,10,35,0,6,3,47145,0,110,0,7,0,2,0,233,0,27,0,4,0,2,0,1705,0,692,1,226,0,449,0,41,0,95,0,0,0,26
199,0,386,0,49,1,24,0,12,0,12,0,46,1,14510,0,7,0,3,0,78,0,60,0,25,0,168,0,476,0,32,0,20,0,4,0,2,0,2,0,2,0,36,3,55,0,11,0,7,0,11,0,44,0,8,1,15,1,585,1,149,2,8,0,248,0,31489,0,8960,0,97,0,3420,0,373,0,25,0,10,0,5,0,2,0,1,1,99,0,1,0,1,0,1,1,20,0
0,30,0,138,0,8,0,8,0,0,0,4,0,39,0,14185,0,57,0,11,0,417,0,303,0,37,0,578,0,439,0,39,0,27,0,14,0,7,0,2,0,6,6,39,0,14,0,2,0,2,2,5,0,41,0,8,0,2,3,380,3,133,1,8,0,110,0,34981,0,10295,0,524,0,3926,0,8299,0,28,0,1,0,2,0,6,0,7,0,117,0,6,0,4,1,7,1,13
25,1,19,0,40,0,7,2,2,0,8,0,26,0,235,0,6,0,2,0,6,0,18,0,9,0,22,0,90,0,27,0,24,0,11,6,7,0,6,0,0,0,202,3,101,0,150,0,0,0,11,0,3,0,19,0,46,0,2457,3,1455,4,135,2,6,0,8960,0,20375,1,6037,0,61,0,2326,0,710,0,120,0,0,0,1,0,0,1,13,0,5,1,3,0,42,0,121,3
1,25,1,13,2,38,0,12,0,1,0,2,0,24,0,190,0,2,0,17,0,16,0,74,0,16,0,17,0,145,0,32,1,15,0,21,0,5,0,1,0,1,10,162,4,23,3,11,1,2,0,4,0,9,1,45,2,47,18,1854,39,1063,11,62,0,7,0,10295,1,17449,4,7767,0,156,1,2033,0,173,3,5,0,0,0,8,0,7,0,29,0,12,0,6,0,57,13,50
15,0,29,0,6,2,17,2,0,0,5,0,6,0,65,1,11,1,3,0,10,0,23,0,25,0,26,0,69,0,91,0,1,1,3,4,0,0,1,1,0,0,625,12,1116,1,17506,0,0,0,2,0,1,0,0,0,7,1,1637,9,4001,33,1704,15,3,0,97,0,6037,4,51466,1,30,0,529,0,2691,0,13217,0,0,0,0,0,0,0,19,1,5,2,5,0,775,16,8912,17
1,14,0,10,2,13,0,9,0,0,0,3,0,7,0,6,0,2,0,3,0,4,0,18,0,18,0,1,0,52,0,250,1,3,1,10,0,2,1,1,0,1,23,437,2,1513,81,12261,0,0,1,0,0,1,1,15,2,16,13,2118,30,3155,8,1635,0,2,0,524,0,7767,1,41220,0,15,0,374,1,4109,0,10093,0,0,0,0,1,0,0,6,0,3,0,3,8,454,15,7673
303,5,190,0,10,0,58,1,18,0,44,0,13,1,12415,0,30,0,3,0,254,0,312,1,217,1,2933,0,2187,0,298,0,10,0,4,2,3,0,19,0,38,0,204,3,266,1,5,0,8,0,1,0,22,0,3,1,5,1,16,0,28,4,5,1,313,0,3420,0,61,0,30,0,3778,0,2804,0,142,0,69,0,6,0,4,0,2,0,120,0,4,0,4,0,0,0,114,0
1,60,0,178,0,3,0,6,0,1,0,4,0,6,0,8168,0,126,0,26,0,1797,0,1210,1,146,0,5966,0,1338,0,184,0,1,1,5,0,0,0,14,0,15,2,58,1,84,0,0,1,0,0,1,0,8,0,0,0,1,1,12,1,8,0,1,0,233,0,3926,0,156,0,15,0,10957,0,6959,0,33,0,0,0,1,0,1,0,1,0,110,1,7,1,7,0,1,1,19
213,2,86,1,16,1,282,4,16,0,107,0,62,2,1801,1,49,0,11,0,205,0,523,2,654,2,1486,0,9946,0,3489,2,16,1,20,3,6,0,19,1,41,2,1292,25,3467,1,37,1,3,0,4,0,5,0,2,2,6,0,46,5,96,35,84,7,67,0,373,0,2326,1,529,0,2804,0,26104,1,7214,1,1309,0,5,0,7,0,7,1,83,0,16,1,19,0,1,4,682,6
0,25,0,90,0,4,0,15,0,0,0,12,0,11,0,1159,0,14,0,19,0,606,0,644,1,169,0,671,0,3513,0,1659,1,2,0,4,0,1,0,5,0,8,8,497,0,1125,0,0,0,0,0,0,0,0,0,2,0,0,1,26,11,33,1,28,0,27,0,8299,0,2033,0,374,0,6959,1,29095,0,7356,0,327,0,1,0,0,0,1,0,53,0,6,0,3,0,1,0,212
61,0,80,2,13,5,91,3,4,0,20,0,23,3,219,0,25,0,20,0,15,0,86,2,204,5,90,0,769,0,3477,1,8,2,15,4,5,0,9,0,2,2,2384,37,5913,4,110,3,0,0,2,0,0,0,0,0,1,1,72,7,200,44,252,17,14,0,25,0,710,0,2691,1,142,0,7214,0,11330,1,6123,0,4,0,2,0,1,0,45,0,26,4,15,3,10,9,1498,13
0,63,0,37,2,7,1,67,0,8,0,25,0,32,1,18,0,9,0,35,1,14,1,167,1,275,1,37,0,1712,2,6749,0,3,2,22,0,5,0,7,0,37,42,3299,8,7674,2,81,0,0,0,2,0,0,1,0,0,2,8,125,57,167,9,252,0,4,0,28,0,173,0,4109,0,33,1,7356,1,23952,0,7268,0,6,0,5,2,3,1,48,1,19,0,16,0,11,13,1640
50,2,146,0,12,3,56,2,1,0,14,0,9,1,179,0,34,0,21,0,31,0,106,2,115,2,74,0,283,1,1388,2,3,2,4,6,2,0,4,0,2,1,2230,30,8753,2,694,0,0,0,3,1,2,0,0,0,2,1,79,3,185,44,406,8,13,0,10,0,120,3,13217,0,69,0,1309,0,6123,0,16407,1,2,0,0,0,2,0,72,0,11,1,10,1,42,14,7060,13
0,5,0,16,0,2,0,14,0,1,0,0,0,4,0,6,0,2,0,9,0,9,0,60,0,35,0,8,0,74,0,690,0,0,0,3,0,1,0,2,0,1,16,793,3,10608,2,1061,0,0,0,0,0,0,0,0,0,0,3,28,16,90,4,229,0,2,0,1,0,5,0,10093,0,0,0,327,0,7268,1,17526,0,0,0,2,0,0,0,20,0,6,0,4,0,68,10,8881
1266,31,2178,1,1548,37,728,24,3672,1,2336,5,552,7,72,0,19,0,40,0,34,0,109,0,46,0,17,0,26,0,8,0,193,2,53,1,79,0,65,0,22,0,62,0,17,0,0,0,0,0,132,6,1,1,97,6,41,8,16,1,49,1,3,0,1119,0,5,0,0,0,0,0,6,0,5,0,4,0,2,0,4280,1,2069,2,173,1,45,0,40,0,194,0,1,0,7,1
87,2379,1,3396,36,1224,25,643,3,3291,2,3340,0,748,1,85,0,2,0,13,0,6,0,36,0,56,0,2,0,7,0,2,3,167,1,93,0,67,0,153,0,79,0,147,1,15,0,0,0,1,3,29,0,0,25,229,4,134,1,22,3,29,0,3,2,1705,0,2,0,0,0,0,0,1,0,1,0,6,0,0,1,3588,0,2264,0,130,0,21,0,8,0,44,0,0,0,7
508,12,7765,1,1610,38,1021,32,270,0,2240,1,5500,14,52,0,201,0,163,0,23,0,267,2,222,2,9,0,45,0,7,0,7625,21,715,9,2376,0,817,0,246,0,362,8,42,0,0,0,2,0,311,6,0,0,32,1,32,2,52,2,133,16,12,0,232,0,2,0,1,0,0,0,4,0,7,0,2,0,0,0,2069,0,17524,1,7634,2,246,1,1478,0,882,1,0,1,14,0
28,1086,5,10812,74,2007,37,1278,2,677,6,3478,14,10664,0,89,0,159,0,190,0,4,0,153,0,211,0,3,1,12,1,5,36,9852,8,846,0,3326,3,1818,1,428,7,388,1,13,0,1,0,0,10,225,1,2,11,145,7,122,20,43,22,145,0,6,0,692,0,6,0,8,0,0,0,1,0,0,0,5,0,2,2,2264,1,24837,0,12359,1,182,0,1166,1,1098,0,2,1,8
472,2,3301,2,203,3,181,4,222,0,716,0,874,9,68,0,205,0,532,1,30,0,596,1,268,2,6,0,32,2,1,0,2781,40,1039,32,5360,3,3041,4,212,0,396,12,16,0,1,0,1,0,44,0,1,0,5,2,9,0,94,3,251,23,8,0,120,1,1,0,0,0,0,1,2,0,7,0,1,2,2,0,173,0,7634,0,12473,3,163,0,363,1,3699,1,0,1,11,1
9,381,2,4692,10,197,5,108,0,148,1,226,13,713,1,21,0,38,0,456,0,5,0,471,2,551,0,1,0,8,0,3,111,3247,33,672,3,6303,4,4794,0,432,29,216,0,10,0,1,0,1,3,37,1,1,2,19,1,16,113,119,68,259,0,13,0,226,1,7,1,7,0,0,0,1,1,1,0,3,0,0,1,130,2,12359,3,17620,0,128,0,964,2,2431,0,0,3,4
502,4,718,1,64,4,174,6,97,0,162,0,87,1,6208,0,3262,0,1426,0,774,0,934,4,244,6,305,0,192,1,56,3,42,2,71,10,26,0,314,0,184,1,1208,12,345,2,8,0,4,0,7,0,4,0,8,1,7,2,74,0,129,21,35,6,211,0,99,0,13,0,19,0,120,0,83,0,45,1,72,0,45,0,246,1,163,0,3189,3,2132,2,1431,1,0,0,385,0
4,311,5,1831,3,31,4,49,0,40,1,28,1,62,1,6039,0,19524,4,9006,0,722,1,3879,3,526,0,234,5,157,2,74,20,68,20,207,1,29,2,570,10,275,55,1010,5,230,1,0,0,2,1,10,0,1,1,5,1,7,29,80,94,202,4,54,0,449,0,117,0,29,1,6,0,110,0,53,0,48,0,20,0,21,1,182,0,128,3,6144,0,2252,1,2847,0,1,3,300
213,0,685,1,41,4,118,1,69,0,127,0,93,2,163,0,2104,0,899,5,24,0,99,4,54,3,8,0,13,0,6,0,97,4,323,22,71,0,235,3,151,2,1827,13,121,1,2,0,0,0,6,0,0,0,1,0,5,1,87,7,247,35,29,2,56,0,1,0,5,0,5,0,4,1,16,0,26,1,11,0,40,0,1478,0,363,0,2132,0,5811,1,4404,1,0,3,97,1
0,80,3,1127,1,43,3,42,0,19,0,33,3,163,0,44,0,1641,0,2951,1,28,2,572,5,149,0,11,1,25,1,23,42,384,29,796,5,145,3,599,8,134,49,850,4,71,0,1,0,0,0,8,0,1,0,4,0,11,59,101,106,438,2,39,0,41,0,6,1,12,2,3,0,7,1,6,4,19,1,6,0,8,0,1166,1,964,2,2252,1,9099,3,6485,1,1,11,76
678,2,1186,6,170,5,279,8,358,1,664,0,373,0,454,0,2505,1,9098,1,84,0,713,2,202,2,14,0,43,2,11,2,199,5,519,26,457,1,2852,2,448,1,1572,12,92,0,3,0,1,0,21,1,1,0,9,4,13,1,89,6,245,39,18,5,156,0,1,0,3,0,5,0,4,1,19,0,15,0,10,0,194,0,882,1,3699,2,1431,1,4404,3,10881,0,0,1,47,3
4,201,5,1443,8,86,3,79,0,49,1,61,3,203,3,78,1,1502,1,16614,0,48,2,1676,2,1007,0,16,2,32,1,26,40,401,20,719,5,195,3,10166,10,955,46,903,7,66,2,2,0,0,1,14,0,0,0,10,0,9,56,107,97,408,1,36,0,95,0,4,0,6,0,3,0,7,0,3,3,16,1,4,0,44,1,1098,1,2431,1,2847,1,6485,0,10543,0,1,1,65
2,0,3,0,1,0,2,0,0,0,0,0,2,0,3,0,0,0,0,0,0,0,1,0,1,0,0,0,1,1,0,2,0,1,0,2,0,0,0,0,0,0,120,8,20,0,6538,114,0,0,4,0,0,0,0,0,3,0,212,13,3602,41,5312,40,0,0,1,1,42,0,775,8,0,0,1,0,10,0,42,0,1,0,0,0,0,0,0,0,0,1,0,0,1189,125,3736,122
5,5,5,3,9,3,1,9,1,0,0,2,2,3,1,0,0,0,0,1,0,0,4,6,1,3,0,0,5,0,5,1,0,1,1,4,1,1,1,3,0,1,239,127,38,96,91,5179,0,0,8,3,1,2,13,0,12,3,129,546,484,2824,167,3944,1,0,1,7,0,57,16,454,0,1,4,1,9,11,14,68,0,0,1,2,1,0,0,1,3,1,1,1,125,769,288,2414
234,3,763,6,47,7,211,13,22,0,62,0,62,7,518,0,208,0,107,4,149,2,691,12,398,18,154,0,677,5,435,12,12,6,32,33,8,1,31,2,32,2,16260,268,12617,41,12023,27,1,0,20,3,1,1,6,3,13,2,794,103,2598,482,13973,190,64,0,20,1,121,13,8912,15,114,1,682,0,1498,13,7060,10,7,0,14,1,11,3,385,3,97,11,47,1,3736,288,68330,498
2,127,13,210,10,40,3,217,0,10,0,48,6,99,3,45,0,51,0,146,0,31,2,697,4,712,0,31,9,362,3,790,7,30,14,104,3,7,1,42,1,60,261,13719,45,15698,90,8252,0,0,6,10,0,0,6,2,6,6,75,420,369,1641,147,7843,0,26,0,13,3,50,17,7673,0,19,6,212,13,1640,13,8881,1,7,0,8,1,4,0,300,1,76,3,65,122,2414,498,75844
