175094,7800,7422,67,11955,1088,22248,406,15486,203,3050,96,1183,52,1214,2,83,0,136,1,135,0,857,1,1653,2,89,1,405,0,158,0,387,7,260,12,52,3,150,11,211,7,845,20,362,2,1,0,7732,645,399,22,828,221,7900,2202,4973,578,717,49,355,25,17,0,34028,112,190,1,13,0,4,1,24,0,148,0,23,0,9,0,1548,64,541,21,783,6,1039,2,98,0,732,7,0,3,43,1
7800,220481,64,7203,1224,16531,430,22917,141,13145,80,3672,62,4544,4,369,1,66,1,213,1,202,3,811,8,1077,0,110,0,168,0,183,13,773,6,1017,0,246,2,887,0,1104,15,4007,3,316,0,6,302,8774,64,183,140,2498,1266,6374,319,10474,22,696,37,359,3,50,191,38035,3,87,1,24,0,20,0,21,0,13,1,23,0,8,15,2230,4,1056,2,367,7,321,0,89,2,260,0,6,1,119
7422,64,26248,1,3914,76,2814,99,1903,2,1328,6,4073,50,1821,0,20,0,47,1,212,0,574,3,314,0,74,0,262,0,81,2,4713,6,1376,16,516,0,311,1,105,4,1415,32,488,6,12,0,67,1,461,23,91,0,172,38,165,18,138,3,287,52,51,2,10192,0,1057,0,36,0,39,0,28,0,127,1,32,0,180,0,3384,0,10410,1,4146,0,1315,0,276,1,768,1,1,3,408,3
67,7203,1,33009,70,2242,32,1618,5,1303,5,589,12,3483,0,2206,0,229,0,539,0,526,1,1699,4,574,0,234,1,172,2,76,13,2910,13,1033,6,800,4,1077,3,597,25,1316,1,130,0,3,1,47,8,131,1,101,12,218,10,263,12,106,33,395,3,34,2,14590,0,1066,0,75,0,10,0,65,0,32,0,12,0,6,0,2851,3,9843,2,3713,0,2676,3,1633,1,1517,0,1,1,96
11955,1224,3914,70,48712,2203,10170,2069,1478,41,7900,128,11427,1336,75,0,18,0,30,2,7,0,106,8,278,14,7,0,34,2,14,3,1800,96,785,73,45,7,98,16,65,18,1066,137,52,10,2,0,114,13,7412,940,22,5,10344,580,7861,449,871,34,1031,83,32,6,598,16,55,5,28,2,9,3,4,0,17,1,9,3,0,0,1429,24,2426,58,241,9,99,1,21,3,90,3,1,11,19,13
1088,16531,76,2242,2203,22702,1325,9717,54,1338,241,2877,1090,8294,3,20,0,8,1,34,1,12,5,66,41,127,0,3,10,16,3,30,115,2092,54,831,1,77,5,310,14,241,132,919,21,37,1,2,15,268,892,5967,4,189,392,8253,481,9987,43,1189,106,1141,9,31,25,493,1,72,1,46,0,42,1,2,3,1,3,4,1,2,40,833,62,1415,5,129,6,22,3,35,4,72,4,4,4,30
22248,430,2814,32,10170,1325,68840,1404,6421,31,11207,72,15855,557,123,0,59,0,87,0,28,0,657,4,4018,8,41,0,530,1,292,1,1444,36,2418,35,87,1,361,12,1162,17,3991,81,1112,6,1,0,109,3,265,387,19,1,158,267,832,237,66,13,103,38,19,1,455,6,25,1,8,0,2,1,12,0,207,0,31,0,12,0,651,13,1291,28,298,3,223,1,91,4,247,2,0,1,65,5
406,22917,99,1618,2069,9717,1404,37829,63,1855,280,6112,456,12440,2,9,5,12,0,79,1,9,10,199,49,441,0,5,12,94,3,163,92,1394,56,2195,4,132,6,493,12,494,116,5060,24,271,0,10,1,8,672,149,0,9,274,604,363,1921,19,100,92,385,4,79,12,322,1,37,1,12,0,8,0,1,4,16,1,35,0,6,39,568,60,1120,6,117,6,35,5,44,3,70,1,6,4,170
15486,141,1903,5,1478,54,6421,63,18867,9,4472,11,361,8,76,0,34,0,51,0,13,0,244,0,249,0,9,0,40,0,19,0,107,0,41,2,37,0,60,0,35,0,66,1,28,1,1,0,8,1,96,2,0,2,144,25,129,10,11,0,21,0,0,0,2334,2,7,0,2,0,0,0,0,0,18,0,0,0,0,0,3435,2,360,2,517,0,159,0,38,0,374,0,0,0,7,0
203,13145,2,1303,41,1338,31,1855,9,5673,5,4635,4,811,0,10,0,7,0,32,0,7,0,66,0,91,0,0,0,12,0,17,2,119,2,143,0,57,0,238,0,179,0,367,0,30,0,1,1,18,7,25,1,4,22,258,11,272,1,25,2,24,0,1,1,2243,0,10,0,1,0,0,0,0,0,0,0,2,0,1,0,2597,0,626,0,107,0,23,0,19,0,62,0,0,0,7
3050,80,1328,5,7900,241,11207,280,4472,5,18269,19,8711,50,72,0,110,0,223,0,18,0,860,1,1976,1,8,0,229,0,105,0,597,4,310,8,224,1,441,1,409,5,868,20,246,1,3,0,2,1,632,37,1,0,207,58,266,34,59,3,158,5,9,1,294,1,6,1,1,0,2,0,6,0,77,0,12,0,7,0,2189,1,2729,10,1191,0,211,0,88,1,538,0,0,0,26,2
96,3672,6,589,128,2877,72,6112,11,4635,19,6931,8,6270,0,4,0,10,0,45,0,3,2,92,2,274,0,1,0,43,0,84,8,659,5,525,0,235,0,584,0,434,5,1384,3,120,0,2,0,3,28,108,0,5,21,445,24,395,3,60,11,88,0,12,1,371,0,2,0,0,0,2,0,1,0,5,0,13,0,5,3,2506,1,2385,0,146,0,9,1,24,0,72,0,1,0,46
1183,62,4073,12,11427,1090,15855,456,361,4,8711,8,86666,2502,51,0,53,0,147,2,11,0,397,0,1554,11,7,0,115,1,42,2,33284,345,3766,85,1179,27,1307,19,1048,2,1856,54,171,1,1,0,13,1,7253,826,2,0,487,27,7865,560,4593,32,987,65,18,0,155,1,53,2,22,0,1,0,5,0,32,1,6,1,4,0,209,6,10853,13,1484,6,96,0,49,2,294,4,0,1,18,4
52,4544,50,3483,1336,8294,557,12440,8,811,50,6270,2502,68470,2,9,0,13,0,101,0,5,7,149,27,242,0,1,2,46,0,74,242,27183,92,4390,16,1072,9,1092,13,500,115,3668,8,115,1,2,0,2,683,7125,0,6,40,378,690,5964,444,2757,91,850,6,33,3,588,2,134,1,13,0,5,0,2,0,4,1,12,2,6,6,671,32,10099,6,428,1,70,2,141,3,216,0,4,1,64
1214,4,1821,0,75,3,123,2,76,0,72,0,51,2,47968,0,6998,0,704,0,2042,0,2040,0,404,0,2276,0,1727,0,274,1,36,0,29,2,4,0,50,0,23,0,269,3,370,1,3,0,64,0,6,0,65,0,14,1,9,2,33,2,43,15,7,1,2022,0,6974,0,60,0,5,0,2168,0,991,0,57,0,67,0,42,0,31,0,27,0,9577,1,104,0,276,0,1,0,110,2
2,369,0,2206,0,20,0,9,0,10,0,4,0,9,0,33198,0,7847,0,775,0,9796,0,2471,0,176,0,1962,0,476,0,45,0,10,2,21,0,2,0,42,0,32,3,98,0,39,0,0,0,7,0,1,0,14,0,7,0,3,0,9,4,26,0,2,0,1236,0,10366,0,35,0,4,0,1048,0,445,0,9,0,2,1,10,0,15,0,17,0,8182,0,103,0,94,0,0,0,20
83,1,20,0,18,0,59,5,34,0,110,0,53,0,6998,0,6224,0,7211,1,492,0,1343,0,154,0,168,0,128,0,4,0,10,1,46,3,9,0,298,0,62,0,465,10,106,0,2,0,0,0,2,0,0,0,0,0,2,0,20,0,31,7,11,0,7,0,0,0,0,0,9,0,1,0,7,0,4,0,22,0,12,0,10,0,141,0,7749,0,820,0,1956,1,0,0,62,1
0,66,0,229,0,8,0,12,0,7,0,10,0,13,0,7847,0,5043,0,5977,0,1622,0,2492,0,168,0,300,0,181,1,23,2,16,1,50,0,6,0,176,0,69,4,192,0,40,0,0,0,0,0,0,0,0,0,1,0,2,5,10,3,55,0,6,0,131,0,110,0,5,0,0,0,62,0,47,0,7,0,2,0,4,0,20,0,37,0,12040,0,1258,0,1591,0,0,0,20
136,1,47,0,30,1,87,0,51,0,223,0,147,0,704,0,7211,0,18396,0,40,0,2370,2,970,1,16,0,23,0,8,1,25,1,81,5,39,0,8757,1,861,1,625,9,81,0,2,0,0,0,4,0,0,0,3,0,1,0,26,1,64,8,11,0,15,0,0,0,3,0,4,0,0,0,5,0,9,0,12,0,17,0,24,0,259,0,1826,0,1008,0,16733,2,0,0,47,1
1,213,1,539,2,34,0,79,0,32,0,45,2,101,0,775,1,5977,0,20758,1,341,0,6110,3,1660,0,78,2,127,1,89,20,132,8,326,3,84,0,4862,0,917,16,1334,1,180,0,1,0,0,1,7,0,0,0,2,1,15,11,75,33,346,0,29,0,114,0,25,0,14,0,4,0,11,0,19,0,25,0,12,0,17,0,356,1,450,0,7927,3,3136,0,12462,0,0,1,116
135,1,212,0,7,1,28,1,13,0,18,0,11,0,2042,0,492,0,40,1,11168,0,5552,1,126,1,2933,0,1008,1,51,0,5,0,3,1,0,0,14,0,9,0,112,1,100,0,0,0,8,0,4,0,2,1,3,0,2,0,17,0,17,3,5,0,130,0,205,0,15,0,3,0,31,0,140,0,10,0,37,0,4,0,4,0,9,0,938,0,4,0,21,0,0,0,59,0
0,202,0,526,0,12,0,9,0,7,0,3,0,5,0,9796,0,1622,0,341,0,15960,0,13574,0,251,0,2710,0,2023,0,73,0,9,0,15,0,4,0,53,0,54,1,159,1,56,0,0,0,0,0,0,0,5,0,2,0,1,0,5,4,30,0,4,0,465,0,403,0,9,0,1,0,652,0,306,0,5,0,0,0,5,0,9,1,21,0,1207,0,25,1,50,0,0,0,19
857,3,574,1,106,5,657,10,244,0,860,2,397,7,2040,0,1343,0,2370,0,5552,0,39865,1,11563,3,1498,0,10492,2,619,2,94,5,231,15,113,0,2440,2,1168,2,3063,37,1005,0,8,0,10,0,12,2,2,0,8,1,8,0,116,7,217,36,59,4,296,0,106,0,79,0,52,0,34,0,1079,0,45,0,241,0,96,0,126,0,418,1,2496,1,115,1,910,0,1,0,550,3
1,811,3,1699,8,66,4,199,0,66,1,92,0,149,0,2471,0,2492,2,6110,1,13574,1,78233,1,12759,0,2150,1,22496,1,2014,21,155,29,423,8,115,6,3341,9,2162,56,3143,3,902,0,2,0,2,2,13,0,2,0,3,1,16,25,128,58,503,2,60,0,818,0,263,0,55,0,14,0,338,2,1000,1,143,0,29,0,31,0,215,3,571,4,3625,4,525,4,1686,1,3,0,388
1653,8,314,4,278,41,4018,49,249,0,1976,2,1554,27,404,0,154,0,970,3,126,0,11563,1,28638,3,159,0,4100,1,7483,2,523,5,164,6,199,1,3506,1,6475,1,8936,35,9252,1,4,1,15,0,61,10,3,0,6,5,15,3,124,9,150,45,40,4,108,1,37,1,15,1,30,0,62,0,1061,0,175,0,137,1,39,1,171,1,189,0,411,1,41,2,303,0,1,0,410,7
2,1077,0,574,14,127,8,441,0,91,1,274,11,242,0,176,0,168,1,1660,1,251,3,12759,3,42009,1,124,1,4069,0,5844,19,128,20,226,5,137,2,7477,0,11767,38,8640,5,8782,0,2,1,2,3,22,0,3,3,4,4,40,17,82,36,311,1,44,0,199,0,29,1,29,0,8,0,38,2,86,1,106,1,15,0,40,1,212,0,448,3,482,2,175,1,950,0,1,2,412
89,0,74,0,7,0,41,0,9,0,8,0,7,0,2276,0,168,0,16,0,2933,0,1498,0,159,1,559,0,2974,0,97,1,2,0,5,2,1,0,11,0,4,0,88,0,85,0,0,0,1,0,2,0,1,0,3,1,1,0,6,1,13,2,3,0,78,0,165,0,12,0,2,0,69,0,531,0,9,0,14,0,1,0,1,0,1,0,542,0,3,0,8,0,0,0,32,0
1,110,0,234,0,3,0,5,0,0,0,1,0,1,0,1962,0,300,0,78,0,2710,0,2150,0,124,0,818,0,2920,0,76,1,3,1,8,0,1,0,18,0,14,0,69,0,32,0,0,0,0,0,0,0,1,0,0,0,0,1,1,0,8,0,3,0,239,0,240,0,3,0,0,0,444,1,542,0,8,0,2,0,5,0,4,0,3,0,487,0,13,0,12,0,0,0,14
405,0,262,1,34,10,530,12,40,0,229,0,115,2,1727,0,128,0,23,2,1008,0,10492,1,4100,1,2974,0,34121,0,14600,3,44,0,39,6,7,0,38,1,64,2,882,24,2050,1,4,0,14,1,9,2,7,0,4,0,3,2,74,2,86,18,35,1,218,0,536,0,228,0,44,0,581,0,11160,0,386,0,121,0,16,0,17,1,9,0,645,0,10,1,17,0,0,1,254,1
0,168,0,172,2,16,1,94,0,12,0,43,1,46,0,476,0,181,0,127,1,2023,2,22496,1,4069,0,2920,0,44732,0,23266,4,15,6,40,2,9,0,97,2,222,16,1467,5,1287,0,0,0,1,1,4,0,2,0,1,0,6,6,29,19,110,4,23,0,127,0,507,0,872,0,22,1,365,1,6572,0,1653,1,76,0,5,0,12,0,10,1,297,0,19,1,44,0,0,2,211
158,0,81,2,14,3,292,3,19,0,105,0,42,0,274,0,4,1,8,1,51,0,619,1,7483,0,97,0,14600,0,18775,1,18,1,15,4,2,0,11,1,26,0,883,16,9116,2,3,0,0,0,2,0,1,0,1,1,1,0,50,9,81,25,66,4,52,0,42,0,38,0,195,0,110,0,4370,0,2625,2,1299,0,5,0,7,0,3,0,136,1,12,1,3,0,0,0,293,3
0,183,2,76,3,30,1,163,0,17,0,84,2,74,1,45,0,23,1,89,0,73,2,2014,2,5844,1,76,3,23266,1,25031,3,20,6,43,0,6,4,56,2,141,40,3401,7,10852,1,2,0,0,0,13,0,1,1,3,3,6,13,60,54,186,3,66,0,21,0,34,0,100,0,169,0,29,2,1464,1,6293,1,658,0,10,0,17,0,4,3,84,0,36,1,30,0,3,3,625
387,13,4713,13,1800,115,1444,92,107,2,597,8,33284,242,36,0,10,2,25,20,5,0,94,21,523,19,2,1,44,4,18,3,66459,417,6179,199,8938,97,1585,111,976,43,1420,84,127,3,0,1,5,0,1065,67,3,0,148,10,901,57,4586,14,2774,150,5,1,115,2,40,0,14,0,0,0,1,0,17,0,3,0,0,0,116,1,9476,20,3694,29,64,8,38,17,192,21,0,0,10,3
7,773,6,2910,96,2092,36,1394,0,119,4,659,345,27183,0,10,1,16,1,132,0,9,5,155,5,128,0,3,0,15,1,20,417,53322,76,9125,46,10214,7,1379,2,178,80,1061,2,17,0,1,0,2,54,1637,0,6,9,81,78,406,662,1266,90,1811,1,11,1,82,1,35,0,9,0,1,0,0,1,1,0,1,0,0,2,88,16,5750,11,2174,4,86,2,299,7,410,0,1,0,13
260,6,1376,13,785,54,2418,56,41,2,310,5,3766,92,29,2,46,1,81,8,3,0,231,29,164,20,5,1,39,6,15,6,6179,76,21501,197,6958,18,6106,79,3905,45,13924,158,84,3,0,0,8,0,121,32,1,0,24,6,137,19,615,14,1194,230,12,8,23,2,20,0,20,0,1,0,1,0,21,0,12,4,3,0,48,0,437,9,1027,10,93,9,446,17,802,14,0,0,33,5
12,1017,16,1033,73,831,35,2195,2,143,8,525,85,4390,2,21,3,50,5,326,1,15,15,423,6,226,2,8,6,40,4,43,199,9125,197,24609,99,2275,41,9091,19,1385,226,9879,17,52,0,1,0,3,22,236,0,3,7,38,15,118,118,358,290,1036,20,47,2,92,2,16,2,17,1,9,1,2,4,3,1,7,0,5,4,82,11,1057,26,707,14,193,8,706,19,600,1,2,5,51
52,0,516,6,45,1,87,4,37,0,224,0,1179,16,4,0,9,0,39,3,0,0,113,8,199,5,1,0,7,2,2,0,8938,46,6958,99,10810,10,3768,38,301,9,896,43,4,1,1,0,0,0,12,0,0,0,0,0,2,2,141,3,103,65,1,2,15,0,2,0,3,0,0,0,0,0,0,0,0,0,0,0,54,0,1837,2,7331,5,26,1,76,5,356,11,1,0,6,2
3,246,0,800,7,77,1,132,0,57,1,235,27,1072,0,2,0,6,0,84,0,4,0,115,1,137,0,1,0,9,0,6,97,10214,18,2275,10,11341,3,6205,0,382,17,563,1,17,0,0,1,2,1,13,0,0,0,6,4,19,31,130,24,177,3,5,0,49,0,4,0,3,0,0,0,0,0,0,0,0,0,0,1,50,1,4084,3,3981,0,58,0,200,1,340,0,1,0,9
150,2,311,4,98,5,361,6,60,0,441,0,1307,9,50,0,298,0,8757,0,14,0,2440,6,3506,2,11,0,38,0,11,4,1585,7,6106,41,3768,3,23603,9,10579,2,2078,36,25,0,0,0,0,0,20,0,0,0,0,1,7,3,148,5,315,35,8,0,26,0,1,0,0,0,0,0,0,0,10,0,0,0,1,0,52,1,769,0,3761,0,199,1,172,4,3647,3,0,0,10,0
11,887,1,1077,16,310,12,493,0,238,1,584,19,1092,0,42,0,176,1,4862,0,53,2,3341,1,7477,0,18,1,97,1,56,111,1379,79,9091,38,6205,9,16226,1,9362,52,4387,3,99,0,1,0,2,1,38,0,2,2,41,9,49,32,158,73,790,1,15,0,258,0,6,1,3,0,1,0,3,0,3,0,8,0,2,1,118,2,3172,5,6720,3,484,1,702,6,9888,1,0,2,41
211,0,105,3,65,14,1162,12,35,0,409,0,1048,13,23,0,62,0,861,0,9,0,1168,9,6475,0,4,0,64,2,26,2,976,2,3905,19,301,0,10579,1,18631,1,16034,14,498,0,0,0,2,0,2,0,1,0,3,0,4,0,150,2,135,32,4,0,10,0,1,1,0,0,0,0,1,0,10,0,2,0,1,0,19,0,175,0,156,0,141,2,46,2,903,3,0,0,3,0
7,1104,4,597,18,241,17,494,0,179,5,434,2,500,0,32,0,69,1,917,0,54,2,2162,1,11767,0,14,2,222,0,141,43,178,45,1385,9,382,2,9362,1,26893,31,19348,1,1566,0,0,0,0,1,26,0,1,0,23,5,55,19,100,30,499,3,8,0,206,0,6,0,2,0,1,0,2,0,5,0,13,0,0,0,62,1,640,2,640,2,260,4,194,4,1016,1,1,3,39
845,15,1415,25,1066,132,3991,116,66,0,868,5,1856,115,269,3,465,4,625,16,112,1,3063,56,8936,38,88,0,882,16,883,40,1420,80,13924,226,896,17,2078,52,16034,31,170474,599,20454,45,735,7,15,0,215,45,7,1,40,29,260,37,2680,140,11095,1245,4892,153,85,0,65,1,158,6,445,8,36,0,760,6,1201,15,1348,4,53,4,233,8,492,11,1580,29,1754,16,1825,17,185,93,20674,165
20,4007,32,1316,137,919,81,5060,1,367,20,1384,54,3668,3,98,10,192,9,1334,1,159,37,3143,35,8640,0,69,24,1467,16,3401,84,1061,158,9879,43,563,36,4387,14,19348,599,99023,84,19369,10,45,0,5,37,194,1,4,20,62,41,207,166,1447,870,13726,81,3407,2,267,6,75,3,107,6,352,0,20,14,366,11,2319,11,989,4,157,6,609,7,290,20,970,23,1003,17,889,2,67,75,14420
362,3,488,1,52,21,1112,24,28,0,246,3,171,8,370,0,106,0,81,1,100,1,1005,3,9252,5,85,0,2050,5,9116,7,127,2,84,17,4,1,25,3,498,1,20454,84,54130,11,255,0,6,0,12,3,0,1,1,2,18,4,189,17,346,158,808,17,82,0,56,0,72,0,948,2,75,0,2627,0,3411,4,11069,0,10,0,17,3,14,2,834,2,113,0,66,0,3,13,7377,34
2,316,6,130,10,37,6,271,1,30,1,120,1,115,1,39,0,40,0,180,0,56,0,902,1,8782,0,32,1,1287,2,10852,3,17,3,52,1,17,0,99,0,1566,45,19369,11,47418,1,80,0,1,1,7,0,1,1,0,2,6,18,74,79,478,12,612,0,32,1,16,0,20,0,642,0,9,4,689,0,5184,0,8584,0,13,0,24,0,13,2,183,2,66,1,69,0,61,8,12078
1,0,12,0,2,1,1,0,1,0,3,0,1,1,3,0,2,0,2,0,0,0,8,0,4,0,0,0,4,0,3,1,0,0,0,0,1,0,0,0,0,0,735,10,255,1,15175,1156,0,0,0,0,0,0,0,0,1,1,260,12,3730,79,7428,144,1,0,1,0,92,0,17131,46,1,0,6,0,42,0,890,3,0,0,0,0,0,0,16,0,6,0,3,0,5925,196,12915,335
0,6,0,3,0,2,0,10,0,1,0,2,0,2,0,0,0,0,0,1,0,0,0,2,1,2,0,0,0,0,0,2,1,1,0,1,0,0,0,1,0,0,7,45,0,80,1156,21945,0,0,0,1,0,0,0,2,0,2,3,216,31,3840,9,7540,0,0,0,4,0,41,93,13004,0,0,0,1,0,199,0,2476,0,0,0,0,0,0,0,2,0,0,0,0,210,7477,253,6830
7732,302,67,1,114,15,109,1,8,1,2,0,13,0,64,0,0,0,0,0,8,0,10,0,15,1,1,0,14,0,0,0,5,0,8,0,0,1,0,0,2,0,15,0,6,0,0,0,8293,220,5,0,6081,117,1531,157,942,52,176,9,49,3,0,0,2000,14,15,0,3,0,1,0,4,0,9,0,0,0,0,0,1,0,1,0,4,0,23,0,1,0,4,0,0,0,1,1
645,8774,1,47,13,268,3,8,1,18,1,3,1,2,0,7,0,0,0,0,0,0,0,2,0,2,0,0,1,1,0,0,0,2,0,3,0,2,0,2,0,0,0,5,0,1,0,0,220,13554,0,2,61,6793,167,5116,17,1119,1,135,0,12,0,1,48,996,1,2,0,2,0,1,0,0,0,0,0,0,1,0,0,7,0,1,0,0,1,2,0,0,0,0,0,0,0,0
399,64,461,8,7412,892,265,672,96,7,632,28,7253,683,6,0,2,0,4,1,4,0,12,2,61,3,2,0,9,1,2,0,1065,54,121,22,12,1,20,1,2,1,215,37,12,1,0,0,5,0,12032,588,3,0,4788,76,7191,265,1496,20,1058,45,11,7,39,1,3,1,16,1,3,0,0,0,6,0,2,0,0,0,92,2,474,20,38,2,9,0,2,0,9,2,3,7,12,10
22,183,23,131,940,5967,387,149,2,25,37,108,826,7125,0,1,0,0,0,7,0,0,2,13,10,22,0,0,2,4,0,13,67,1637,32,236,0,13,0,38,0,26,45,194,3,7,0,1,0,2,588,9749,1,2,33,1885,347,9321,39,1080,39,671,2,8,1,18,0,15,0,11,0,4,0,1,1,0,0,5,0,0,4,16,21,140,4,15,0,2,1,10,1,16,0,4,1,10
828,140,91,1,22,4,19,0,0,1,1,0,2,0,65,0,0,0,0,0,2,0,2,0,3,0,1,0,7,0,1,0,3,0,1,0,0,0,0,0,1,0,7,1,0,0,0,0,6081,61,3,1,20416,46,2220,63,3580,35,368,8,87,9,2,2,5156,4,81,0,6,0,1,0,0,0,5,0,1,0,1,0,0,0,1,0,0,0,14,0,0,0,1,0,0,0,2,0
221,2498,0,101,5,189,1,9,2,4,0,5,0,6,0,14,0,0,0,0,1,5,0,2,0,3,0,1,0,2,0,1,0,6,0,3,0,0,0,2,0,1,1,4,1,1,0,0,117,6793,0,2,46,19725,62,2577,6,4866,4,533,2,35,0,0,20,4483,0,16,0,5,0,7,0,0,0,1,0,0,0,0,0,2,0,2,0,0,1,4,0,0,0,0,0,0,0,0
7900,1266,172,12,10344,392,158,274,144,22,207,21,487,40,14,0,0,0,3,0,3,0,8,0,6,3,3,0,4,0,1,1,148,9,24,7,0,0,0,2,3,0,40,20,1,1,0,0,1531,167,4788,33,2220,62,30460,372,20054,180,1075,13,401,32,2,2,830,26,6,0,10,0,2,1,3,0,2,0,0,0,0,0,102,2,45,6,11,0,15,1,0,1,4,1,1,2,5,1
2202,6374,38,218,580,8253,267,604,25,258,58,445,27,378,1,7,0,1,0,2,0,2,1,3,5,4,1,0,0,1,1,3,10,81,6,38,0,6,1,41,0,23,29,62,2,0,0,2,157,5116,76,1885,63,2577,372,18633,200,19000,22,1622,24,453,3,4,66,233,0,14,0,28,0,35,0,0,1,0,0,0,0,0,6,151,5,94,2,11,2,7,1,5,1,11,0,0,1,2
4973,319,165,10,7861,481,832,363,129,11,266,24,7865,690,9,0,2,0,1,1,2,0,8,1,15,4,1,0,3,0,1,3,901,78,137,15,2,4,7,9,4,5,260,41,18,2,1,0,942,17,7191,347,3580,6,20054,200,11648,167,6373,54,2457,125,15,10,274,7,6,0,36,1,4,3,1,0,3,1,2,0,4,0,76,9,63,12,17,1,11,1,1,0,4,0,4,16,9,9
578,10474,18,263,449,9987,237,1921,10,272,34,395,560,5964,2,3,0,2,0,15,0,1,0,16,3,40,0,0,2,6,0,6,57,406,19,118,2,19,3,49,0,55,37,207,4,6,1,2,52,1119,265,9321,35,4866,180,19000,167,16456,22,6302,49,1057,3,4,19,296,0,15,0,42,0,33,0,0,0,0,0,1,0,0,8,154,23,139,2,17,3,10,0,10,2,19,1,0,2,9
717,22,138,12,871,43,66,19,11,1,59,3,4593,444,33,0,20,5,26,11,17,0,116,25,124,17,6,1,74,6,50,13,4586,662,615,118,141,31,148,32,150,19,2680,166,189,18,260,3,176,1,1496,39,368,4,1075,22,6373,22,26423,242,40651,736,796,57,88,0,274,2,2730,27,2735,27,6,0,85,0,46,0,50,0,13,1,182,7,237,8,75,8,78,15,98,10,148,74,327,54
49,696,3,106,34,1189,13,100,0,25,3,60,32,2757,2,9,0,10,1,75,0,5,7,128,9,82,1,1,2,29,9,60,14,1266,14,358,3,130,5,158,2,100,140,1447,17,74,12,216,9,135,20,1080,8,533,13,1622,54,6302,242,21643,497,19750,87,272,2,52,0,184,4,1535,4,1951,0,2,3,17,2,47,3,36,1,11,0,66,0,113,3,58,6,124,3,152,9,117,52,157
355,37,287,33,1031,106,103,92,21,2,158,11,987,91,43,4,31,3,64,33,17,4,217,58,150,36,13,0,86,19,81,54,2774,90,1194,290,103,24,315,73,135,30,11095,870,346,79,3730,31,49,0,1058,39,87,2,401,24,2457,49,40651,497,83055,2556,6629,346,41,3,106,3,1365,35,4593,48,11,0,69,4,82,18,103,10,25,2,75,7,145,3,155,31,221,25,299,20,1980,298,1122,288
25,359,52,395,83,1141,38,385,0,24,5,88,65,850,15,26,7,55,8,346,3,30,36,503,45,311,2,8,18,110,25,186,150,1811,230,1036,65,177,35,790,32,499,1245,13726,158,478,79,3840,3,12,45,671,9,35,32,453,125,1057,736,19750,2556,80795,420,10474,2,28,2,95,14,604,21,4091,1,2,18,20,22,203,33,98,1,16,8,109,19,174,31,189,25,463,28,381,24,2497,312,2093
17,3,51,3,32,9,19,4,0,0,9,0,18,6,7,0,11,0,11,0,5,0,59,2,40,1,3,0,35,4,66,3,5,1,12,20,1,3,8,1,4,3,4892,81,808,12,7428,9,0,0,11,2,2,0,2,3,15,3,796,87,6629,420,24147,843,2,0,6,1,109,5,1034,13,3,0,80,0,243,4,322,2,1,0,4,1,5,0,49,1,53,0,35,0,5948,155,15550,272
0,50,2,34,6,31,1,79,0,1,1,12,0,33,1,2,0,6,0,29,0,4,4,60,4,44,0,3,1,23,4,66,1,11,8,47,2,5,0,15,0,8,153,3407,17,612,144,7540,0,1,7,8,2,0,2,4,10,4,57,272,346,10474,843,19213,0,1,0,2,1,26,6,1312,0,0,3,11,3,145,3,237,0,3,0,8,0,8,2,29,2,21,2,17,136,5524,268,8295
34028,191,10192,2,598,25,455,12,2334,1,294,1,155,3,2022,0,7,0,15,0,130,0,296,0,108,0,78,0,218,0,52,0,115,1,23,2,15,0,26,0,10,0,85,2,82,0,1,0,2000,48,39,1,5156,20,830,66,274,19,88,2,41,2,2,0,44277,2,768,0,6,0,5,0,38,0,107,0,9,0,4,0,1325,0,284,0,290,0,1161,0,30,0,372,0,0,0,24,1
112,38035,0,14590,16,493,6,322,2,2243,1,371,1,588,0,1236,0,131,0,114,0,465,0,818,1,199,0,239,0,127,0,21,2,82,2,92,0,49,0,258,0,206,0,267,0,32,0,0,14,996,1,18,4,4483,26,233,7,296,0,52,3,28,0,1,2,52199,0,220,0,3,0,2,0,54,0,27,0,1,0,0,1,1373,0,569,0,252,0,635,1,43,0,138,0,0,0,13
190,3,1057,0,55,1,25,1,7,0,6,0,53,2,6974,0,0,0,0,0,205,0,106,0,37,0,165,0,536,0,42,0,40,1,20,2,2,0,1,0,1,0,65,6,56,1,1,0,15,1,3,0,81,0,6,0,6,0,274,0,106,2,6,0,768,0,31311,0,9774,1,141,0,2098,0,2111,0,18,0,6,0,10,0,8,0,6,0,315,0,5,0,3,0,1,1,27,0
1,87,0,1066,5,72,1,37,0,10,1,2,2,134,0,10366,0,110,0,25,0,403,0,263,1,29,0,240,0,507,0,34,0,35,0,16,0,4,0,6,1,6,1,75,0,16,0,4,0,2,1,15,0,16,0,14,0,15,2,184,3,95,1,2,0,220,0,39438,0,9853,0,382,0,1523,0,8995,0,37,0,2,0,6,0,23,0,9,0,207,0,7,0,12,0,2,1,10
13,1,36,0,28,1,8,1,2,0,1,0,22,1,60,0,0,0,3,0,15,0,79,0,15,1,12,0,228,0,38,0,14,0,20,2,3,0,0,1,0,0,158,3,72,0,92,0,3,0,16,0,6,0,10,0,36,0,2730,4,1365,14,109,1,6,0,9774,0,24255,1,5214,1,40,0,2520,0,460,0,139,0,1,0,2,0,4,0,39,0,23,1,6,1,29,1,77,0
0,24,0,75,2,46,0,12,0,1,0,0,0,13,0,35,0,5,0,14,0,9,0,55,1,29,0,3,0,872,0,100,0,9,0,17,0,3,0,3,0,2,6,107,0,20,0,41,0,2,1,11,0,5,0,28,1,42,27,1535,35,604,5,26,0,3,1,9853,1,18381,0,6551,0,22,0,2443,0,285,0,11,0,1,0,5,0,4,0,173,1,33,0,5,2,23,2,27
4,0,39,0,9,0,2,0,0,0,2,0,1,0,5,0,9,0,4,0,3,0,52,0,30,0,2,0,44,0,195,0,0,0,1,1,0,0,0,0,0,0,445,6,948,0,17131,93,1,0,3,0,1,0,2,0,4,0,2735,4,4593,21,1034,6,5,0,141,0,5214,0,46062,83,4,0,307,0,1410,0,12452,2,0,0,1,0,1,0,46,0,5,0,6,0,945,9,7437,230
1,20,0,10,3,42,1,8,0,0,0,2,0,5,0,4,0,0,0,4,0,1,0,14,0,8,0,0,0,22,0,169,0,1,0,9,0,0,0,1,0,1,8,352,2,642,46,13004,0,1,0,4,0,7,1,35,3,33,27,1951,48,4091,13,1312,0,2,0,382,1,6551,83,33969,0,1,0,83,0,8015,0,10947,0,2,0,1,0,0,0,2,0,5,0,1,9,193,142,4804
24,0,28,0,4,1,12,0,0,0,6,0,5,0,2168,0,1,0,0,0,31,0,34,0,62,0,69,0,581,1,110,0,1,0,1,1,0,0,0,0,1,0,36,0,75,0,1,0,4,0,0,0,0,0,3,0,1,0,6,0,11,1,3,0,38,0,2098,0,40,0,4,0,299,0,1170,0,28,0,8,0,0,0,1,0,1,0,41,0,0,0,1,0,0,0,12,0
0,21,0,65,0,2,0,1,0,0,0,1,0,2,0,1048,0,62,0,11,0,652,0,338,0,38,0,444,0,365,0,29,0,0,0,2,0,0,0,3,0,2,0,20,0,9,0,0,0,0,0,1,0,0,0,0,0,0,0,2,0,2,0,0,0,54,0,1523,0,22,0,1,0,454,0,1678,0,20,0,0,0,0,0,2,0,2,0,136,0,0,0,2,0,0,0,5
148,0,127,0,17,3,207,4,18,0,77,0,32,0,991,0,7,0,5,0,140,0,1079,2,1061,2,531,1,11160,1,4370,2,17,1,21,4,0,0,10,0,10,0,760,14,2627,4,6,0,9,0,6,1,5,0,2,1,3,0,85,3,69,18,80,3,107,0,2111,0,2520,0,307,0,1170,0,25954,1,8423,0,941,0,5,0,8,1,3,1,219,0,12,0,7,0,1,0,310,4
0,13,1,32,1,1,0,16,0,0,0,5,1,4,0,445,0,47,0,19,0,306,0,1000,0,86,0,542,0,6572,0,1464,0,1,0,3,0,0,0,3,0,5,6,366,0,689,0,1,0,0,0,0,0,1,0,0,1,0,0,17,4,20,0,11,0,27,0,8995,0,2443,0,83,0,1678,1,32784,0,7400,0,238,0,1,0,3,0,1,0,66,0,4,0,5,0,0,1,102
23,1,32,0,9,3,31,1,0,0,12,0,6,1,57,0,4,0,9,0,10,0,45,1,175,1,9,0,386,0,2625,1,3,0,12,1,0,0,0,0,2,0,1201,11,3411,0,42,0,0,0,2,0,1,0,0,0,2,0,46,2,82,22,243,3,9,0,18,0,460,0,1410,0,28,0,8423,0,13051,0,7026,0,6,0,0,0,3,0,44,0,23,0,2,0,2,4,617,1
0,23,0,12,3,4,0,35,0,2,0,13,1,12,0,9,0,7,0,25,0,5,0,143,0,106,0,8,0,1653,2,6293,0,1,4,7,0,0,0,8,0,13,15,2319,4,5184,0,199,0,0,0,5,0,0,0,0,0,1,0,47,18,203,4,145,0,1,0,37,0,285,0,8015,0,20,0,7400,0,26273,0,7852,0,0,0,3,0,3,1,13,1,7,0,12,1,5,1,899
9,0,180,0,0,1,12,0,0,0,7,0,4,2,67,0,22,0,12,0,37,0,241,0,137,1,14,0,121,1,1299,1,0,0,3,0,0,0,1,0,1,0,1348,11,11069,0,890,0,0,1,0,0,1,0,0,0,4,0,50,3,103,33,322,3,4,0,6,0,139,0,12452,0,8,0,941,0,7026,0,20815,1,1,0,0,0,0,0,323,0,17,1,5,1,20,1,4496,6
0,8,0,6,0,2,0,6,0,1,0,5,0,6,0,2,0,2,0,12,0,0,0,29,1,15,0,2,0,76,0,658,0,0,0,5,0,0,0,2,0,0,4,989,0,8584,3,2476,0,0,0,0,0,0,0,0,0,0,0,36,10,98,2,237,0,0,0,2,0,11,2,10947,0,0,0,238,0,7852,1,21369,0,0,0,0,0,1,0,6,0,2,0,1,0,26,2,8523
1548,15,3384,0,1429,40,651,39,3435,0,2189,3,209,6,42,1,12,0,17,0,4,0,96,0,39,0,1,0,16,0,5,0,116,2,48,4,54,1,52,1,19,0,53,4,10,0,0,0,1,0,92,4,0,0,102,6,76,8,13,1,25,1,1,0,1325,1,10,0,1,0,0,0,0,0,5,0,6,0,1,0,3209,1,3506,0,407,0,91,0,25,0,276,0,0,0,5,0
64,2230,0,2851,24,833,13,568,2,2597,1,2506,6,671,0,10,0,4,0,17,0,5,0,31,1,40,0,5,0,5,0,10,1,88,0,82,0,50,1,118,0,62,4,157,0,13,0,0,0,7,2,16,0,2,2,151,9,154,1,11,2,16,0,3,0,1373,0,6,0,1,0,2,0,0,0,1,0,0,0,0,1,2869,0,1910,0,76,0,20,0,10,0,15,0,0,0,7
541,4,10410,3,2426,62,1291,60,360,0,2729,1,10853,32,31,0,10,0,24,0,4,0,126,0,171,1,1,0,17,0,7,0,9476,16,437,11,1837,1,769,2,175,1,233,6,17,0,0,0,1,0,474,21,1,0,45,5,63,23,182,0,75,8,4,0,284,0,8,0,2,0,1,0,1,0,8,0,0,0,0,0,3506,0,19409,2,9205,1,57,0,116,0,528,2,0,0,8,0
21,1056,1,9843,58,1415,28,1120,2,626,10,2385,13,10099,0,15,0,20,0,356,0,9,0,215,1,212,0,4,1,12,0,17,20,5750,9,1057,2,4084,0,3172,0,640,8,609,3,24,0,0,0,1,20,140,0,2,6,94,12,139,7,66,7,109,1,8,0,569,0,23,0,5,0,1,0,2,1,3,0,3,0,0,0,1910,2,26777,3,12668,0,152,0,975,1,1420,0,0,1,7
783,2,4146,2,241,5,298,6,517,0,1191,0,1484,6,27,0,141,0,259,1,9,1,418,3,189,0,1,0,9,0,3,0,3694,11,1027,26,7331,3,3761,5,156,2,492,7,14,0,0,0,4,0,38,4,0,0,11,2,17,2,237,0,145,19,5,0,290,0,6,0,4,0,1,0,1,0,3,0,3,0,0,0,407,0,9205,3,12159,2,141,1,149,1,1546,0,0,1,8,1
6,367,0,3713,9,129,3,117,0,107,0,146,6,428,0,17,0,37,0,450,0,21,1,571,0,448,0,3,0,10,0,4,29,2174,10,707,5,3981,0,6720,0,640,11,290,2,13,0,0,0,0,2,15,0,0,0,11,1,17,8,113,3,174,0,8,0,252,0,9,0,4,0,0,0,2,1,1,0,3,0,1,0,76,1,12668,2,12029,0,260,1,939,2,3576,0,0,0,5
1039,7,1315,0,99,6,223,6,159,0,211,0,96,1,9577,0,7749,0,1826,0,938,0,2496,4,411,3,542,0,645,1,136,3,64,4,93,14,26,0,199,3,141,2,1580,20,834,2,16,0,23,1,9,0,14,1,15,2,11,3,75,3,155,31,49,2,1161,0,315,0,39,0,46,0,41,0,219,0,44,1,323,0,91,0,57,0,141,0,3097,3,1921,3,1440,1,3,0,660,4
2,321,0,2676,1,22,1,35,0,23,0,9,0,70,1,8182,0,12040,0,7927,0,1207,1,3625,1,482,0,487,0,297,1,84,8,86,9,193,1,58,1,484,2,260,29,970,2,183,0,2,0,2,0,2,0,4,1,7,1,10,8,58,31,189,1,29,0,635,0,207,0,173,0,2,0,136,0,66,0,13,0,6,0,20,0,152,1,260,3,6092,2,2888,2,1930,0,1,1,151
98,0,276,3,21,3,91,5,38,0,88,1,49,2,104,0,820,0,1008,3,4,0,115,4,41,2,3,0,10,0,12,0,38,2,446,8,76,0,172,1,46,4,1754,23,113,2,6,0,1,0,2,1,0,0,0,1,1,0,78,6,221,25,53,2,30,1,5,0,23,1,5,0,0,0,12,0,23,1,17,0,25,0,116,0,149,1,1921,2,5649,2,2655,0,0,4,93,3
0,89,1,1633,3,35,4,44,0,19,1,24,2,141,0,103,0,1258,0,3136,0,25,1,525,2,175,0,13,1,19,1,36,17,299,17,706,5,200,4,702,2,194,16,1003,0,66,0,0,0,0,0,10,0,0,1,5,0,10,15,124,25,463,0,21,0,43,0,7,1,33,0,5,0,0,0,4,0,7,1,2,0,10,0,975,1,939,3,2888,2,9096,1,6519,0,3,0,56
732,2,768,1,90,4,247,3,374,0,538,0,294,3,276,0,1956,0,16733,0,21,1,910,4,303,1,8,0,17,1,3,1,192,7,802,19,356,1,3647,6,903,4,1825,17,66,1,3,0,4,0,9,1,1,0,4,1,4,2,98,3,299,28,35,2,372,0,3,0,6,0,6,0,1,0,7,0,2,0,5,0,276,0,528,1,1546,2,1440,2,2655,1,11978,1,0,1,36,4
7,260,1,1517,3,72,2,70,0,62,0,72,4,216,0,94,1,1591,2,12462,0,50,0,1686,0,950,0,12,0,44,0,30,21,410,14,600,11,340,3,9888,3,1016,17,889,0,69,0,0,0,0,2,16,0,0,1,11,0,19,10,152,20,381,0,17,0,138,0,12,1,5,0,1,0,2,0,5,0,12,1,1,0,15,2,1420,0,3576,1,1930,0,6519,1,11032,0,1,0,55
0,0,1,0,1,4,0,1,0,0,0,0,0,0,1,0,0,0,0,0,0,0,1,1,1,0,0,0,0,0,0,0,0,0,0,1,1,0,0,1,0,1,185,2,3,0,5925,210,0,0,3,0,0,0,1,0,4,1,148,9,1980,24,5948,136,0,0,1,0,29,2,945,9,0,0,1,0,2,1,20,0,0,0,0,0,0,0,3,0,0,0,0,0,1229,403,3624,157
3,6,3,1,11,4,1,6,0,0,0,1,1,4,0,0,0,0,0,0,0,0,0,3,0,1,0,0,1,0,0,3,0,1,0,2,0,1,0,0,0,1,93,67,13,61,196,7477,0,0,7,4,0,0,2,0,16,0,74,117,298,2497,155,5524,0,0,1,2,1,23,9,193,0,0,0,0,4,5,1,26,0,0,0,0,1,0,0,1,4,3,1,1,403,2136,82,2073
43,1,408,1,19,4,65,4,7,0,26,0,18,1,110,0,62,0,47,1,59,0,550,0,410,2,32,0,254,2,293,3,10,0,33,5,6,0,10,2,3,3,20674,75,7377,8,12915,253,1,0,12,1,2,0,5,1,9,2,327,52,1122,312,15550,268,24,0,27,1,77,2,7437,142,12,0,310,1,617,1,4496,2,5,0,8,1,8,0,660,1,93,0,36,0,3624,82,65165,793
1,119,3,96,13,30,5,170,0,7,2,46,4,64,2,20,1,20,1,116,0,19,3,388,7,412,0,14,1,211,3,625,3,13,5,51,2,9,0,41,0,39,165,14420,34,12078,335,6830,1,0,10,10,0,0,1,2,9,9,54,157,288,2093,272,8295,1,13,0,10,0,27,230,4804,0,5,4,102,1,899,6,8523,0,7,0,7,1,5,4,151,3,56,4,55,157,2073,793,83150
